Metadata information for IU_ANMO: Ref theta, 18.0, 108.0, Test theta, 71.0, 161.0
ReferenceLoc, TestLoc, day, year, comp,NS theta, NS residual, NS corr, EW theta,EW residual, EW coor 
00, 10, 013, 2016, 73.3879341119, 0.00144570867269, 0.556924943246, 163.505663975, 0.00117260822403, 0.57624605391
00, 10, 014, 2016, 73.7899135161, 0.00163937233858, 0.577208480249, 163.397882715, 0.00142161824583, 0.551247745537
00, 10, 017, 2016, 73.4242102252, 0.00179069621494, 0.525591205397, 163.152989948, 0.00153507951277, 0.613404968685
00, 10, 018, 2016, 73.5254778195, 0.00152915053674, 0.525267013253, 163.464515253, 0.00110577348797, 0.604222279824
00, 10, 019, 2016, 73.7356009193, 0.0014319896315, 0.588511387877, 163.573723457, 0.00109621153569, 0.537416037636
00, 10, 022, 2016, 73.7082772185, 0.00150547176412, 0.528002855357, 163.604014104, 0.00130676846587, 0.598014178011
00, 10, 027, 2016, 73.3614380578, 0.00154763937554, 0.534658920258, 163.333466813, 0.00125474135719, 0.600500640709
00, 10, 030, 2016, 73.6335565227, 0.00169781786893, 0.545779283044, 163.538490706, 0.00138645678102, 0.583298624975
00, 10, 033, 2016, 73.6384762291, 0.00115188488013, 0.584893350833, 163.62906389, 0.000980077159813, 0.542279951103
00, 10, 036, 2016, 73.3730709441, 0.00118388931825, 0.618722348919, 163.696938534, 0.00095977891864, 0.509042485653
00, 10, 037, 2016, 73.2769158685, 0.00195914065714, 0.516378444692, 163.011842167, 0.00170282934062, 0.625722356329
00, 10, 038, 2016, 73.6725893878, 0.00142832209605, 0.572159448933, 163.491321961, 0.00141622010864, 0.556645243062
00, 10, 039, 2016, 73.351066309, 0.00166995455487, 0.547445077157, 163.135096339, 0.00153539196828, 0.590190958737
00, 10, 042, 2016, 73.6970691889, 0.00160768494287, 0.583851999229, 163.293889876, 0.0013535611281, 0.548572383571
00, 10, 043, 2016, 73.4894003008, 0.00145394026878, 0.567120440679, 163.491920248, 0.00136906575095, 0.566065689408
00, 10, 044, 2016, 73.4928211839, 0.00135018365026, 0.521162121784, 163.599159242, 0.00123025936689, 0.606069855993
00, 10, 045, 2016, 73.496237923, 0.00137337288295, 0.60973533571, 163.450517583, 0.00119259253645, 0.51945754971
00, 10, 046, 2016, 73.739040211, 0.0017149996497, 0.583380338531, 163.316536123, 0.001503230674, 0.547263578814
00, 10, 047, 2016, 73.7530357503, 0.00140464120126, 0.527520080196, 163.553661064, 0.00139515163528, 0.597280797103
00, 10, 048, 2016, 73.4537396509, 0.00146704375345, 0.512456129309, 163.24483668, 0.00122550059278, 0.620550586737
00, 10, 049, 2016, 73.472890595, 0.00165996585142, 0.537906732696, 163.184592368, 0.00142609438548, 0.598608254523
00, 10, 050, 2016, 73.2558799729, 0.00148663099776, 0.556615183383, 163.26984, 0.001311429181, 0.581642202433
00, 10, 053, 2016, 73.558612453, 0.00137916345894, 0.595029859923, 163.719031372, 0.00122664007811, 0.532897681314
00, 10, 054, 2016, 73.2934028204, 0.00129231614821, 0.515002672634, 163.344752553, 0.00109636339392, 0.619177832008
00, 10, 055, 2016, 73.4852812377, 0.0011716941739, 0.598991578151, 163.618601352, 0.000998138082218, 0.530067955089
00, 10, 064, 2016, 73.5791238, 0.00137936144638, 0.601077894775, 163.597073849, 0.00129811305604, 0.527520755567
00, 10, 067, 2016, 73.3613358433, 0.00125368549204, 0.597135131776, 163.402353106, 0.00115066631263, 0.536141346023
00, 10, 070, 2016, 73.4454818572, 0.00118104621053, 0.597677197211, 163.501998783, 0.000993213274643, 0.536066796458
00, 10, 071, 2016, 73.4252499871, 0.00129132806203, 0.573425265596, 163.546369393, 0.00116804340381, 0.558306970378
00, 10, 074, 2016, 73.0740913618, 0.00116484372763, 0.571048012841, 163.411125494, 0.000870857312466, 0.580085437643
00, 10, 075, 2016, 73.6291566182, 0.0011766302809, 0.611357772153, 163.665468, 0.00102360839111, 0.511937349692
00, 10, 088, 2016, 74.562483031, 0.000984318730676, 0.626301184375, 164.195799549, 0.000946021842706, -0.513967257637
00, 10, 091, 2016, 73.5526654704, 0.00154469647044, 0.505814237408, 163.249493774, 0.00137201860544, 0.624369330082
00, 10, 092, 2016, 73.6701127437, 0.00115208653845, 0.616903384826, 163.61548621, 0.00109268024052, 0.514247901357
00, 10, 095, 2016, 73.6640432014, 0.00161007213255, 0.580066868615, 163.36412507, 0.00143117972213, 0.55109096163
00, 10, 100, 2016, 73.2752437347, 0.00168009033032, 0.558459085737, 163.182523736, 0.00138989644246, 0.580205558724
00, 10, 101, 2016, 73.4772727271, 0.00184539498668, 0.513454801696, 163.352735094, 0.00173450887467, 0.618422283813
00, 10, 102, 2016, 73.6372177208, 0.00164491564231, 0.550522406698, 163.387076994, 0.00141644109263, 0.580115518069
00, 10, 103, 2016, 73.3332485803, 0.00155648930579, 0.579037278134, 163.349794722, 0.00149235503261, 0.557206609697
00, 10, 104, 2016, 73.462878638, 0.00122834925896, 0.62188521194, 163.584070922, 0.00105781042698, 0.503492725379
00, 10, 129, 2016, 73.6077271363, 0.0014728298699, 0.616031596723, 163.534619173, 0.00147354490259, 0.516835906445
00, 10, 130, 2016, 73.6469264809, 0.00141813399149, 0.597982470475, 163.690947151, 0.00150791490352, 0.527345742178
00, 10, 133, 2016, 73.5564006055, 0.00146561056809, 0.618753883001, 163.624237206, 0.00148726996246, 0.505643454166
00, 10, 136, 2016, 73.771882437, 0.0018217154288, 0.591819282906, 163.462079116, 0.0015715731752, 0.537757886884
00, 10, 137, 2016, 73.3781795995, 0.00187939441133, 0.586676530223, 163.22356178, 0.00174379160806, 0.549533820655
00, 10, 138, 2016, 73.5740219701, 0.00152269164439, 0.580484138186, 163.71579734, 0.00153717440023, 0.546512344143
00, 10, 141, 2016, 73.2160857647, 0.000995451718215, 0.584287084101, 163.787617556, 0.00118885290497, 0.551922966622
00, 10, 144, 2016, 73.3425908317, 0.00221394447539, 0.578349274158, 163.24300604, 0.0018970392201, 0.55911775816
00, 10, 145, 2016, 73.3433005561, 0.00195005342528, 0.577125186656, 163.250992545, 0.00177745327077, 0.559524950829
00, 10, 146, 2016, 73.3778087613, 0.00177478397407, 0.58531487545, 163.436709323, 0.00177223598466, 0.54928829635
00, 10, 147, 2016, 73.3138375552, 0.0016654931495, 0.605118861086, 163.561200938, 0.0016382746369, 0.525317096546
00, 10, 148, 2016, 73.3035740812, 0.00134740601312, 0.543236045983, 163.799116197, 0.00128477593986, 0.587681534878
00, 10, 153, 2016, 73.233990904, 0.000735868821701, 0.5861370022, 163.859077686, 0.00086605934758, 0.544756032991
00, 10, 154, 2016, 73.5305213104, 0.00103106077071, 0.568316551402, 163.875672, 0.00117871824182, 0.557383061295
00, 10, 157, 2016, 73.4065297793, 0.00163163283067, 0.552806038174, 163.375890925, 0.00137057340826, 0.587482683431
00, 10, 162, 2016, 73.4045759617, 0.00209789907505, 0.523664721065, 163.036062581, 0.0018447920638, 0.611783615081
00, 10, 165, 2016, 73.4188707147, 0.00180734520035, 0.547477491479, 163.419364893, 0.0018018192641, 0.585041811947
00, 10, 166, 2016, 73.3935515112, 0.00152160820788, 0.607175086817, 163.363366149, 0.00165600234428, 0.525610612707
00, 10, 167, 2016, 73.4117769345, 0.00134502477367, 0.522583373282, 163.555644918, 0.00142038987488, 0.607386895714
00, 10, 168, 2016, 73.4636423611, 0.000908452328338, 0.618079923321, 163.99630527, 0.00095155724342, 0.502681769154
00, 10, 169, 2016, 73.4778178133, 0.00092016716823, 0.606978072587, 163.962697286, 0.00116127215923, 0.514860047178
00, 10, 170, 2016, 73.431538281, 0.0013920788525, 0.54805294178, 163.551145696, 0.00141381524432, 0.583147756608
00, 10, 171, 2016, 73.2686617503, 0.0016100272635, 0.544606834324, 163.339514966, 0.00153315594043, 0.591362356286
00, 10, 172, 2016, 73.4608062143, 0.00152118758836, 0.53873290781, 163.547187314, 0.00152155464176, 0.591211374277
00, 10, 173, 2016, 73.477904086, 0.00136898532541, 0.599441990029, 163.840991374, 0.00130171270393, 0.524978005727
00, 10, 174, 2016, 73.4382525369, 0.00133360110273, 0.569805196721, 163.813311968, 0.00141145144772, 0.557862796323
00, 10, 175, 2016, 73.318370456, 0.000833090316622, 0.589473654192, 163.933357122, 0.000984959948738, 0.540244301398
00, 10, 180, 2016, 73.6480619337, 0.00122016755648, 0.587372555967, 163.981863435, 0.00112666002995, 0.534730860011
00, 10, 183, 2016, 73.4888007934, 0.000796660577166, 0.549060915271, 164.09636987, 0.000863461628319, 0.574788416632
00, 10, 190, 2016, 73.4054191578, 0.00192872852259, 0.5545209198, 163.114316002, 0.00166349202468, 0.584010631476
00, 10, 195, 2016, 73.6134572871, 0.00181664472249, 0.576233297713, 163.59729233, 0.00186977612131, 0.551277443378
00, 10, 196, 2016, 73.8553763977, 0.00212543050482, 0.565239291646, 163.649866351, 0.00205837504874, 0.557947410326
00, 10, 197, 2016, 73.4718682037, 0.00192957458807, 0.575797951119, 163.61808339, 0.00190352969527, 0.553341676248
00, 10, 198, 2016, 73.3844078659, 0.00202209175383, 0.553067544198, 163.278863973, 0.0018248256899, 0.584422160545
00, 10, 213, 2016, 73.0023131183, 0.00124481874819, 0.602094966382, 163.548368216, 0.0012877087521, 0.534426306292
00, 10, 220, 2016, 73.3234682868, 0.00163510383474, 0.59869215518, 163.594603095, 0.00181139860414, 0.532091134761
00, 10, 221, 2016, 73.5666052022, 0.0023344704113, 0.53174823321, 163.492495884, 0.00211753079712, 0.596053845703
00, 10, 224, 2016, 73.4615419202, 0.00236658812827, 0.553402401365, 163.366395091, 0.00225985676314, 0.579817006578
00, 10, 225, 2016, 73.437083254, 0.00204230606182, 0.568899424102, 163.548654455, 0.00205827103514, 0.564555444559
00, 10, 226, 2016, 73.580943568, 0.00199960797689, 0.603702798244, 163.745329193, 0.00210389420559, 0.520481937401
00, 10, 227, 2016, 73.5953670904, 0.00213893321762, 0.513112040323, 163.612860107, 0.00211696574702, 0.613107275122
00, 10, 228, 2016, 73.5565989215, 0.00195781811036, 0.516172172006, 163.47558088, 0.00191663107218, 0.611228179432
00, 10, 229, 2016, 73.428539824, 0.00179217715773, 0.584949852085, 163.239211207, 0.00176207077845, 0.550102138363
00, 10, 230, 2016, 73.5131614666, 0.00148646168375, 0.593938036233, 163.501370971, 0.00159581298976, 0.535619059724
00, 10, 237, 2016, 73.4986023951, 0.00193717700878, 0.510825175085, 163.587722346, 0.00182609689812, 0.615046692834
00, 10, 244, 2016, 73.4011844689, 0.00216670972315, 0.513344485348, 162.957163234, 0.0020071870511, 0.622438657685
00, 10, 245, 2016, 73.5363970301, 0.00203031447631, 0.552328787553, 163.47942835, 0.00195971402909, 0.580564427265
00, 10, 246, 2016, 73.4919853555, 0.00214043019375, 0.546810265447, 163.345845974, 0.00194542867791, 0.586358533536
00, 10, 249, 2016, 73.6670403074, 0.00206666190456, 0.506481205496, 163.43259618, 0.00183410889773, 0.625700034847
00, 10, 250, 2016, 73.2921185803, 0.00209543080855, 0.531593764521, 163.169499934, 0.00195529578148, 0.604406738645
00, 10, 255, 2016, 73.7746502677, 0.00147208130024, 0.612668096007, 163.741479238, 0.00135672493003, 0.506491945598
00, 10, 256, 2016, 73.4264277161, 0.00152489896059, 0.581055623305, 163.495514914, 0.00145609201718, 0.551541836699
00, 10, 257, 2016, 73.7261412136, 0.00233355297219, 0.542973769859, 163.292479043, 0.00211004453698, 0.588659468632
00, 10, 258, 2016, 73.7053462315, 0.00183059963845, 0.582337560986, 163.391777667, 0.00168514814396, 0.546838198808
00, 10, 259, 2016, 73.6051235638, 0.00153648915006, 0.622117813306, 163.528952631, 0.00158661092673, 0.501641331616
00, 10, 260, 2016, 73.5119595752, 0.00165490049546, 0.592123178278, 163.42380977, 0.0016217796059, 0.541196838012
00, 10, 263, 2016, 73.384368517, 0.00164585230273, 0.591874220672, 163.188188719, 0.0014571417201, 0.544363484771
00, 10, 270, 2016, 73.3950896447, 0.00144872248996, 0.564204407816, 163.481676227, 0.0014443464591, 0.568732397273
00, 10, 273, 2016, 73.2290805007, 0.00179334052463, 0.558485125729, 163.273508323, 0.00184336796483, 0.579358023416
00, 10, 274, 2016, 73.3923842337, 0.00184082169071, 0.533535297474, 163.413652733, 0.00190075442299, 0.598188059592
00, 10, 275, 2016, 73.2548620164, 0.0015266863043, 0.568984002579, 163.41715278, 0.00158033488265, 0.567533057029
00, 10, 276, 2016, 73.4507597762, 0.00166261072765, 0.543666105497, 163.454323326, 0.00168536304322, 0.587870727033
00, 10, 277, 2016, 73.4435164581, 0.00171984187722, 0.586407187984, 163.526626156, 0.00159781922295, 0.544226669358
00, 10, 278, 2016, 73.4991748262, 0.00169033448445, 0.515847557649, 163.369675736, 0.00130609549032, 0.613521435139
00, 10, 279, 2016, 73.7731189628, 0.00168357461025, 0.61158012453, 163.397635141, 0.00135122410081, 0.513126658112
00, 10, 282, 2016, 73.4915140329, 0.00195418344897, 0.548648596232, 163.123005666, 0.00176616025795, 0.587052754876
00, 10, 285, 2016, 74.1273332701, 0.00202612917944, 0.526280286799, 163.471420594, 0.00178489951443, 0.597445370023
00, 10, 286, 2016, 73.5872917538, 0.00172617576659, 0.622007520474, 163.132814717, 0.00157688787913, 0.507855097486
00, 10, 289, 2016, 73.21189455, 0.000960839842878, 0.583421887848, 163.542624244, 0.000757204622181, 0.555849367244
00, 10, 300, 2016, 73.4297084051, 0.00154120404054, 0.631969319868, 163.208787803, 0.00136185511414, 0.500070639659
00, 10, 303, 2016, 73.5551387995, 0.00180981290096, 0.574722009285, 163.434516266, 0.00146397572909, 0.557793143912
00, 10, 304, 2016, 73.4834606327, 0.00177482633661, 0.546459206757, 163.280490754, 0.00136053977884, 0.587337771847
00, 10, 305, 2016, 73.3963749123, 0.00149867649351, 0.579545806281, 163.164820533, 0.00136971793447, 0.55917171611
00, 10, 306, 2016, 73.6157320598, 0.00170609060224, 0.605492120953, 163.174540582, 0.00162111008002, 0.526322877095
00, 10, 307, 2016, 73.5772147764, 0.00161081391726, 0.596578951293, 163.301401724, 0.00149983834453, 0.537442220463
00, 10, 308, 2016, 73.4847131246, 0.00124529945771, 0.586001623918, 163.668986522, 0.00121044877109, 0.542439422238
00, 10, 309, 2016, 73.1242616768, 0.00109107633072, 0.567918875407, 163.417481156, 0.00086436601379, 0.575033541122
00, 10, 310, 2016, 73.4405430791, 0.000966957090612, 0.621275515079, 163.566142023, 0.000859850349313, 0.505191805905
00, 10, 315, 2016, 73.3462431777, 0.000980268194177, 0.60915781657, 163.639479942, 0.000784859207481, 0.52435834101
00, 10, 320, 2016, 73.5835199524, 0.00162879601628, 0.528706450971, 163.375885699, 0.00161778776046, 0.601225461136
00, 10, 322, 2016, 73.2803799717, 0.00131504819757, 0.568510769617, 163.525027274, 0.00106737677404, 0.570868518536
00, 10, 323, 2016, 73.3190102511, 0.00133923078947, 0.546934452691, 163.437138509, 0.00141897101863, 0.587168425892
00, 10, 336, 2016, 342.101661786, 0.00151580492616, 0.806293762102, 71.8457782069, 0.0013451976167, 0.809985993329
00, 10, 337, 2016, 342.019898461, 0.00165332524415, 0.81116299837, 71.7701881302, 0.00145696387545, 0.802199517092
00, 10, 338, 2016, 341.627019402, 0.000975024851202, 0.854293540415, 71.7442573152, 0.000905305158179, 0.748197936453
00, 10, 339, 2016, 342.077534124, 0.0012843546789, 0.797477759137, 71.9064150798, 0.00110167682986, 0.818120716323
00, 10, 340, 2016, 341.8970824, 0.0014775466272, 0.809004240202, 71.6334133012, 0.00123280963262, 0.802885064941
00, 10, 341, 2016, 342.070210466, 0.00132163144864, 0.772817408056, 71.8555232067, 0.00116554451927, 0.838751338642
00, 10, 342, 2016, 342.27701195, 0.00144858381688, 0.79218962465, 71.6907116561, 0.00141999677127, 0.823323817901
00, 10, 343, 2016, 342.58897722, 0.0016338642779, 0.800589242138, 72.020183955, 0.00168355990723, 0.820794541391
00, 10, 344, 2016, 342.24006782, 0.001586801549, 0.810163276951, 71.9523507199, 0.00159389972961, 0.807261092732
00, 10, 345, 2016, 342.060650017, 0.00192150611293, 0.819876847836, 71.3979435395, 0.00194596881616, 0.803809783892
00, 10, 346, 2016, 342.523774523, 0.0013332615779, 0.805960330655, 71.7476132094, 0.00159551487381, 0.815275079897
00, 10, 347, 2016, 342.153695826, 0.00110074770562, 0.834855588949, 71.5490374886, 0.00136853821087, 0.795229472464
00, 10, 348, 2016, 342.095246861, 0.00142310337355, 0.831079430847, 71.532452626, 0.00155801238637, 0.778243817827
00, 10, 349, 2016, 342.037411368, 0.00172437022477, 0.824550519932, 71.3968693298, 0.00177703535569, 0.785366766348
00, 10, 350, 2016, 342.134840399, 0.00161872587919, 0.807328088079, 71.545390793, 0.00172129481227, 0.804789248542
00, 10, 351, 2016, 342.148254322, 0.00198800672307, 0.827809828109, 71.4530415153, 0.00212940256754, 0.788208711819
00, 10, 352, 2016, 342.155175685, 0.00164351050414, 0.765059138824, 71.353010603, 0.00190523419134, 0.840908149334
00, 10, 353, 2016, 342.399107747, 0.00108791795168, 0.780111594335, 71.8451732811, 0.00122597191111, 0.83692003003
00, 10, 354, 2016, 342.202399562, 0.00151608089437, 0.823735177921, 71.7434349939, 0.00154039895144, 0.789978222073
00, 10, 355, 2016, 342.301710973, 0.00143102051689, 0.828692919264, 71.6984831618, 0.00150665293137, 0.784723905879
00, 10, 356, 2016, 341.923894205, 0.00137329219734, 0.790833816032, 71.8344181618, 0.00121360076567, 0.833193868724
00, 10, 357, 2016, 341.997543926, 0.00104914318816, 0.788046293473, 72.0337141173, 0.000829881929843, 0.827068358325
00, 10, 358, 2016, 342.709811123, 0.000805654983765, 0.784211730769, 72.3858885651, 0.000550726297577, 0.853323673942
00, 10, 359, 2016, 342.106399938, 0.000996306628975, 0.761863348179, 71.9838847835, 0.000666971517592, 0.866236946535
00, 10, 360, 2016, 342.145470806, 0.00118436804355, 0.782140959148, 71.9346736971, 0.00101930976816, 0.836344535056
00, 10, 361, 2016, 342.122565875, 0.00167488614077, 0.791347600982, 71.4013587391, 0.00178122563913, 0.818181445352
00, 10, 362, 2016, 342.327810234, 0.0012464010073, 0.839652710033, 71.7364844314, 0.00137150135592, 0.774765045224
00, 10, 363, 2016, 341.802511579, 0.00131393838067, 0.80721134032, 71.6670306805, 0.00117238420172, 0.805175648156
00, 10, 364, 2016, 342.093347302, 0.00150569593653, 0.808467732095, 71.5999569966, 0.00142658040241, 0.807013601179
00, 10, 365, 2016, 341.835146517, 0.00139761690317, 0.76559034697, 71.6225232552, 0.00115817795469, 0.83874845607
