
00, 10, 340, 2016, 341.8970824, 0.0014775466272, 0.809004240202, 71.6334133012, 0.00123280963262, 0.802885064941
00, 10, 341, 2016, 342.070210466, 0.00132163144864, 0.772817408056, 71.8555232067, 0.00116554451927, 0.838751338642
00, 10, 342, 2016, 342.27701195, 0.00144858381688, 0.79218962465, 71.6907116561, 0.00141999677127, 0.823323817901
00, 10, 343, 2016, 342.58897722, 0.0016338642779, 0.800589242138, 72.020183955, 0.00168355990723, 0.820794541391
00, 10, 344, 2016, 342.24006782, 0.001586801549, 0.810163276951, 71.9523507199, 0.00159389972961, 0.807261092732
00, 10, 345, 2016, 342.060650017, 0.00192150611293, 0.819876847836, 71.3979435395, 0.00194596881616, 0.803809783892
00, 10, 346, 2016, 342.523774523, 0.0013332615779, 0.805960330655, 71.7476132094, 0.00159551487381, 0.815275079897
00, 10, 347, 2016, 342.153695826, 0.00110074770562, 0.834855588949, 71.5490374886, 0.00136853821087, 0.795229472464
00, 10, 348, 2016, 342.095246861, 0.00142310337355, 0.831079430847, 71.532452626, 0.00155801238637, 0.778243817827
00, 10, 349, 2016, 342.037411368, 0.00172437022477, 0.824550519932, 71.3968693298, 0.00177703535569, 0.785366766348
00, 10, 350, 2016, 342.134840399, 0.00161872587919, 0.807328088079, 71.545390793, 0.00172129481227, 0.804789248542
00, 10, 351, 2016, 342.148254322, 0.00198800672307, 0.827809828109, 71.4530415153, 0.00212940256754, 0.788208711819
00, 10, 352, 2016, 342.155175685, 0.00164351050414, 0.765059138824, 71.353010603, 0.00190523419134, 0.840908149334
00, 10, 353, 2016, 342.399107747, 0.00108791795168, 0.780111594335, 71.8451732811, 0.00122597191111, 0.83692003003
00, 10, 354, 2016, 342.202399562, 0.00151608089437, 0.823735177921, 71.7434349939, 0.00154039895144, 0.789978222073
00, 10, 355, 2016, 342.301710973, 0.00143102051689, 0.828692919264, 71.6984831618, 0.00150665293137, 0.784723905879
00, 10, 356, 2016, 341.923894205, 0.00137329219734, 0.790833816032, 71.8344181618, 0.00121360076567, 0.833193868724
00, 10, 357, 2016, 341.997543926, 0.00104914318816, 0.788046293473, 72.0337141173, 0.000829881929843, 0.827068358325
00, 10, 358, 2016, 342.709811123, 0.000805654983765, 0.784211730769, 72.3858885651, 0.000550726297577, 0.853323673942
00, 10, 359, 2016, 342.106399938, 0.000996306628975, 0.761863348179, 71.9838847835, 0.000666971517592, 0.866236946535
00, 10, 360, 2016, 342.145470806, 0.00118436804355, 0.782140959148, 71.9346736971, 0.00101930976816, 0.836344535056
00, 10, 361, 2016, 342.122565875, 0.00167488614077, 0.791347600982, 71.4013587391, 0.00178122563913, 0.818181445352
00, 10, 362, 2016, 342.327810234, 0.0012464010073, 0.839652710033, 71.7364844314, 0.00137150135592, 0.774765045224
00, 10, 363, 2016, 341.802511579, 0.00131393838067, 0.80721134032, 71.6670306805, 0.00117238420172, 0.805175648156
00, 10, 364, 2016, 342.093347302, 0.00150569593653, 0.808467732095, 71.5999569966, 0.00142658040241, 0.807013601179
00, 10, 365, 2016, 341.835146517, 0.00139761690317, 0.76559034697, 71.6225232552, 0.00115817795469, 0.83874845607
00, 10, 002, 2017, 341.79659781, 0.00143300072796, 0.786362680559, 71.683746759, 0.00124998605238, 0.824900037415
00, 10, 003, 2017, 341.910150841, 0.00168488728693, 0.781395173366, 71.6464696669, 0.00142644162809, 0.827509769567
00, 10, 006, 2017, 342.017036414, 0.00176237820253, 0.835136483874, 71.4895524704, 0.00181952723008, 0.770670317037
00, 10, 007, 2017, 342.177177425, 0.00143396791992, 0.770870265663, 71.527420064, 0.00151579000198, 0.836917281529
00, 10, 008, 2017, 341.991754294, 0.00220204629008, 0.855001716353, 71.541285829, 0.00204861626724, 0.769825769119
00, 10, 009, 2017, 341.65765022, 0.00133138035598, 0.763930564027, 71.6678767351, 0.00134800447863, 0.838723371442
00, 10, 010, 2017, 342.173030267, 0.00168806787232, 0.800233025473, 71.6894073432, 0.00182433898226, 0.813565912749
00, 10, 011, 2017, 342.184171854, 0.0015005237789, 0.801749618803, 72.017859432, 0.00142627649415, 0.815849743445
00, 10, 012, 2017, 342.011171535, 0.00126754712765, 0.762183597106, 71.8693659203, 0.00107860874918, 0.84776746176
00, 10, 013, 2017, 342.125294763, 0.00140733955446, 0.744707021576, 71.8741161395, 0.00110763851174, 0.857440373414
00, 10, 014, 2017, 341.833079508, 0.00180328057708, 0.78204557943, 71.3551648666, 0.00179892289965, 0.822829448719
00, 10, 015, 2017, 342.09694687, 0.0016059098605, 0.806272883564, 71.5810125191, 0.00168175543823, 0.806294818662
00, 10, 016, 2017, 341.91548479, 0.00159306575215, 0.76300336641, 71.6627246501, 0.00160227637849, 0.844842591516
00, 10, 017, 2017, 341.884831901, 0.00118513028396, 0.820526258193, 71.9942901822, 0.00112320966752, 0.796950185377
00, 10, 018, 2017, 341.724762626, 0.00133887985505, 0.771334094065, 71.8172018817, 0.00113909362196, 0.836929851503
00, 10, 021, 2017, 341.844674961, 0.00123976913843, 0.770318428363, 71.765849287, 0.00093347595268, 0.837676953948
00, 10, 022, 2017, 342.168419554, 0.00119252188434, 0.771367660933, 71.9172825003, 0.00090300131623, 0.841074028673
00, 10, 023, 2017, 342.205739262, 0.00121989776249, 0.814181291839, 71.7748399791, 0.00115653227994, 0.801813828466
00, 10, 024, 2017, 342.097598133, 0.00150129634642, 0.809388801774, 71.8251576955, 0.00119065772981, 0.807729778503
00, 10, 025, 2017, 342.162724996, 0.00158531859872, 0.841368179768, 71.6759614586, 0.00156834058887, 0.767266617602
00, 10, 026, 2017, 342.348050642, 0.00127333464172, 0.815618868866, 71.9078247783, 0.00131289309401, 0.804780364171
00, 10, 027, 2017, 341.860566299, 0.00146029348026, 0.780024613432, 71.4281360923, 0.00145569083996, 0.827869597917
00, 10, 028, 2017, 342.047622677, 0.0013602413398, 0.811051179258, 71.6192802114, 0.00134824716782, 0.801363793398
00, 10, 029, 2017, 342.23521613, 0.00113469941659, 0.781364338938, 71.8100421967, 0.00110151738318, 0.832405523716
00, 10, 030, 2017, 341.998632187, 0.0013368756916, 0.766366032424, 71.8077259761, 0.00119185612305, 0.84156524726
00, 10, 031, 2017, 342.133718452, 0.00129305789477, 0.703336966503, 71.995198882, 0.00108624240974, 0.879220619383
00, 10, 032, 2017, 342.102841524, 0.00123532524774, 0.82927329168, 71.8955574548, 0.0011580192291, 0.784579316363
00, 10, 033, 2017, 342.029523547, 0.00107545539984, 0.818626959143, 71.6566737902, 0.000981885709462, 0.79403874356
00, 10, 034, 2017, 342.214194739, 0.00115981024922, 0.772414974289, 71.8553024223, 0.0010059501537, 0.843755390056
00, 10, 035, 2017, 341.998045804, 0.00125294869618, 0.787501630246, 71.7793666646, 0.00107476082024, 0.824782785424
00, 10, 036, 2017, 342.299123302, 0.00141855724713, 0.784690295485, 72.0769456133, 0.0012870911501, 0.833161217668
00, 10, 037, 2017, 341.856270864, 0.00146910310594, 0.783672603642, 71.7894918834, 0.00138523290631, 0.826434601505
00, 10, 038, 2017, 342.082029544, 0.00158579141418, 0.792331860525, 71.3556501087, 0.0017324574564, 0.816841382929
00, 10, 039, 2017, 342.159748233, 0.00132158746732, 0.82197155777, 71.4543065189, 0.00140717134856, 0.788836299043
00, 10, 040, 2017, 342.047004403, 0.00144442243433, 0.824629916444, 71.5605624779, 0.00146137015784, 0.785440385504
00, 10, 041, 2017, 341.911336112, 0.00197501735299, 0.824526182873, 71.2066363831, 0.00203385915843, 0.779261946879
00, 10, 042, 2017, 342.069008822, 0.00180471967771, 0.826081084912, 71.4794049258, 0.00171966626909, 0.788840069485
00, 10, 043, 2017, 342.153540913, 0.00166639029318, 0.804693810237, 71.6316266481, 0.00172896460498, 0.810408818655
00, 10, 044, 2017, 342.033335605, 0.00167268637685, 0.793731126718, 71.8197338474, 0.00160212680232, 0.82012692128
00, 10, 045, 2017, 342.45852641, 0.00137178435993, 0.843934143147, 71.6761579809, 0.00138651788067, 0.766435336514
00, 10, 046, 2017, 342.344110177, 0.00134861209139, 0.842978506881, 71.5840190387, 0.00141714945312, 0.765068822942
00, 10, 047, 2017, 342.009664712, 0.0016652971603, 0.823742093463, 71.3354300671, 0.0017211313912, 0.782933620139
00, 10, 048, 2017, 342.055089996, 0.0017392573678, 0.828918445396, 71.5154021525, 0.00173933184643, 0.781309426703
00, 10, 049, 2017, 342.297712456, 0.00117855458619, 0.805417216055, 71.7756961063, 0.00118323736953, 0.812413431411
00, 10, 050, 2017, 342.398490135, 0.00111767321044, 0.783455501115, 71.9537967008, 0.00101624468372, 0.841344887446
00, 10, 051, 2017, 342.222875476, 0.0012647064828, 0.764779329205, 71.954598193, 0.00110891276286, 0.849978467122
00, 10, 052, 2017, 341.756256503, 0.0012857729765, 0.804844826585, 71.8566434482, 0.00110164085659, 0.815028509002
00, 10, 053, 2017, 342.045605534, 0.00121319237358, 0.786570683215, 72.0209829652, 0.00106397049225, 0.845608694489
00, 10, 054, 2017, 342.182933313, 0.00131398055936, 0.801682897921, 72.0691220983, 0.00116689947525, 0.829589632027
00, 10, 055, 2017, 342.054008634, 0.00160161135835, 0.813177303595, 71.9475816826, 0.00146274233177, 0.804650121839
00, 10, 056, 2017, 342.158419063, 0.00143418210993, 0.817064801539, 72.0765862333, 0.00138658194944, 0.80209423071
00, 10, 057, 2017, 342.089686994, 0.00131602654594, 0.811917841734, 71.6629035578, 0.00133208543339, 0.801969107697
00, 10, 058, 2017, 341.981889169, 0.00158488119473, 0.819421152952, 71.7476758793, 0.0015154403289, 0.792490204437
00, 10, 059, 2017, 342.094168603, 0.00130136091392, 0.807019909099, 71.6835376124, 0.00140791338507, 0.807423204751
00, 10, 060, 2017, 342.240799469, 0.00124352055917, 0.824568060642, 71.9724242486, 0.00125326562615, 0.797713183683
00, 10, 061, 2017, 342.144373148, 0.00118027763515, 0.782434522252, 72.0079532137, 0.000982741123662, 0.840669464563
00, 10, 062, 2017, 341.953179129, 0.00172071627153, 0.828096943334, 71.657603384, 0.00163503116903, 0.780620826158
00, 10, 065, 2017, 342.547944072, 0.00134325909389, 0.817124195962, 71.9072084949, 0.00137854190557, 0.803873393435
00, 10, 066, 2017, 341.925531, 0.00117089540828, 0.794195833449, 71.7198520436, 0.00109368428585, 0.828279808527
00, 10, 067, 2017, 342.350082871, 0.00115107697977, 0.783520260196, 72.008712281, 0.000892896701066, 0.867583890768
00, 10, 068, 2017, 342.036555361, 0.00136041556139, 0.810623450798, 71.7828682132, 0.00113251271762, 0.81368642805
00, 10, 069, 2017, 342.226505873, 0.00144597945188, 0.804947298705, 72.0270467338, 0.00132605981462, 0.814315281091
00, 10, 070, 2017, 342.047317896, 0.00173647067319, 0.83201969502, 71.6273828975, 0.00177418198115, 0.776256353402
00, 10, 071, 2017, 342.706674212, 0.000885885965957, 0.796884981572, 71.9912823934, 0.00104330119478, 0.844467240483
00, 10, 072, 2017, 342.404793566, 0.00136945739384, 0.785833930722, 71.6820682202, 0.00154678115733, 0.828698185742
00, 10, 073, 2017, 342.321179238, 0.00146528165049, 0.846480022825, 71.7244487479, 0.00141381963841, 0.761653654715
00, 10, 074, 2017, 341.99887103, 0.0021932085453, 0.835316420136, 71.2035936553, 0.00210265622264, 0.771526394567
00, 10, 075, 2017, 342.350244324, 0.00181722974342, 0.836200790243, 71.6621813276, 0.00182733801268, 0.781296110472
00, 10, 076, 2017, 342.171819557, 0.00177995190369, 0.831778867496, 71.4748196815, 0.00187295950167, 0.779109107919
00, 10, 077, 2017, 342.255150543, 0.00188787508249, 0.808998817967, 71.5992886852, 0.00201799064695, 0.804423325969
00, 10, 078, 2017, 342.350997193, 0.00185081123638, 0.814783260613, 71.9128825669, 0.00188122864867, 0.808187657484
00, 10, 079, 2017, 342.125095711, 0.0021241081944, 0.838247832928, 71.5334222271, 0.00190544442659, 0.774838334441
00, 10, 080, 2017, 342.443257203, 0.00201657464386, 0.822833260324, 71.8694489058, 0.00198270509544, 0.79420400333
00, 10, 081, 2017, 342.055828121, 0.00158484083707, 0.816106234297, 71.7826036658, 0.00154078202552, 0.79733347526
00, 10, 082, 2017, 341.926596848, 0.00166880898842, 0.812414605006, 71.4056861136, 0.00163065922076, 0.797911177808
00, 10, 083, 2017, 342.098934355, 0.00161783282811, 0.825979727552, 71.3832773855, 0.00173499449623, 0.782072478146
00, 10, 084, 2017, 342.119800407, 0.00141003087583, 0.803208665323, 71.6241049342, 0.00145571810095, 0.809859578949
00, 10, 085, 2017, 342.078035773, 0.00127251405242, 0.767799667332, 72.0075378961, 0.00105385768713, 0.845853303933
00, 10, 086, 2017, 342.16175839, 0.00138834837487, 0.819035471524, 71.9438380614, 0.00140370198515, 0.798543986279
00, 10, 087, 2017, 341.973679145, 0.00133582181654, 0.816769968998, 71.6084882032, 0.00128414653126, 0.795227377211
00, 10, 090, 2017, 342.033842079, 0.00138097984529, 0.776984249914, 71.7866777624, 0.00125992763457, 0.837311960672
00, 10, 091, 2017, 342.380530718, 0.00153527571383, 0.823057862876, 71.7590252489, 0.00152181078517, 0.794221205335
00, 10, 092, 2017, 342.098364264, 0.00165530286717, 0.840629576693, 71.4988704456, 0.00173051761069, 0.763842645086
00, 10, 093, 2017, 342.249830003, 0.00136660734849, 0.857845993111, 71.8167780735, 0.00126672811276, 0.744999700909
00, 10, 094, 2017, 342.237512116, 0.00135767909297, 0.810662317635, 71.7081102853, 0.00145677578372, 0.804550570389
00, 10, 095, 2017, 342.096878925, 0.00153337687913, 0.829825287133, 71.5482460525, 0.00151304408311, 0.784278649296
00, 10, 096, 2017, 341.928677425, 0.001575308387, 0.810257389252, 71.6917800496, 0.00140409849352, 0.802411493333
00, 10, 097, 2017, 341.933901492, 0.00146352269905, 0.814886865881, 71.8483932245, 0.00132827871394, 0.800414719076
00, 10, 098, 2017, 341.974941396, 0.00137642942147, 0.78244682345, 71.8960784401, 0.0011211182852, 0.832978983346
00, 10, 101, 2017, 341.751599618, 0.00127930097799, 0.762521241689, 71.9025063206, 0.00101826204033, 0.84291482852
00, 10, 102, 2017, 341.973626623, 0.00136107976754, 0.744747693333, 71.9224617549, 0.00106535024294, 0.860159729856
00, 10, 103, 2017, 342.134351437, 0.00120931130436, 0.798106394663, 72.0795544387, 0.00109941700463, 0.836130799661
00, 10, 104, 2017, 341.749866669, 0.00130036240842, 0.786201049927, 71.8142677933, 0.00108027445517, 0.82944436976
00, 10, 105, 2017, 341.997301994, 0.00128217758399, 0.776393588805, 71.9974702203, 0.00101913737489, 0.852856899256
00, 10, 106, 2017, 342.324085293, 0.00131741754727, 0.769551740711, 72.1326743347, 0.00114175354879, 0.858741085835
00, 10, 107, 2017, 342.011188864, 0.00149109649898, 0.753720225572, 72.0174424711, 0.00133474524327, 0.85426505294
00, 10, 108, 2017, 341.985515211, 0.00126763630185, 0.794604785246, 71.986707228, 0.00119009071397, 0.831583706117
00, 10, 109, 2017, 342.140530576, 0.00127749345988, 0.797280081858, 72.0521877665, 0.00128965666425, 0.821277953248
00, 10, 110, 2017, 342.202843407, 0.00122064341325, 0.800731659818, 72.0861688356, 0.00113828168585, 0.82392860785
00, 10, 111, 2017, 342.121831421, 0.00124944441576, 0.776053380718, 71.9137175268, 0.000995550457539, 0.845534315714
00, 10, 112, 2017, 342.123638165, 0.00107682504131, 0.784647655029, 72.1738467852, 0.00092872812804, 0.844583865316
00, 10, 113, 2017, 341.826268977, 0.00121770732448, 0.777783430005, 71.9458943842, 0.00100843648797, 0.837727278191
00, 10, 114, 2017, 341.998249721, 0.0012587761279, 0.806541358199, 72.0526489107, 0.00103021443002, 0.819884038477
00, 10, 115, 2017, 342.415305797, 0.00126864339237, 0.793224904192, 72.1286574457, 0.00116697876423, 0.834290546458
00, 10, 116, 2017, 342.00908966, 0.00142837721259, 0.801297269032, 71.8903354511, 0.00136970330042, 0.81663669878
00, 10, 117, 2017, 342.008241679, 0.00163936572955, 0.824815618058, 71.7655251247, 0.00151961668494, 0.787234700003
00, 10, 118, 2017, 341.896496599, 0.00168776379765, 0.817524787318, 71.7618599724, 0.00165865292619, 0.793981163215
00, 10, 119, 2017, 342.214446356, 0.00160675775871, 0.77370217346, 71.9856420957, 0.00136224648219, 0.839377693059
00, 10, 120, 2017, 342.074287209, 0.00158609476903, 0.786178999002, 72.0198242626, 0.00145635265051, 0.831549007675
00, 10, 121, 2017, 342.186749923, 0.00159139395919, 0.808830882559, 72.067848742, 0.00168998959417, 0.809241267009
00, 10, 122, 2017, 342.012187249, 0.00133942540625, 0.836460905738, 72.0549871019, 0.00138304747276, 0.777177474684
00, 10, 125, 2017, 341.8314124, 0.00137707348502, 0.780627278091, 71.854933405, 0.00121941533976, 0.829402745328
00, 10, 126, 2017, 341.998708552, 0.00162553580849, 0.819612270318, 71.8513013903, 0.00143990385287, 0.793628423419
00, 10, 127, 2017, 341.988793297, 0.00161708144843, 0.813766945506, 71.7916371231, 0.00147077902815, 0.801760872616
00, 10, 128, 2017, 342.280079745, 0.00106900761624, 0.746983605468, 71.9456239457, 0.000710435476124, 0.861413378034
00, 10, 129, 2017, 342.200294699, 0.00108278103217, 0.788440463288, 71.8835616743, 0.000830561716203, 0.858172670734
00, 10, 130, 2017, 342.033765937, 0.00137910931736, 0.771392876859, 71.806963486, 0.0011625350044, 0.849147779435
00, 10, 131, 2017, 342.140764869, 0.00123822063769, 0.783557668102, 72.0881376779, 0.00100061876236, 0.851944560394
00, 10, 132, 2017, 341.645650329, 0.00121599161207, 0.806535774783, 71.836231253, 0.00110518856793, 0.814802644206
00, 10, 133, 2017, 342.123748031, 0.00122684302146, 0.778834265788, 72.0562746448, 0.00103437030753, 0.842517063119
00, 10, 134, 2017, 341.95207782, 0.00137648999716, 0.789134908214, 71.6643107392, 0.00123518419309, 0.824922325724
00, 10, 135, 2017, 341.973049279, 0.00167724870863, 0.807345303736, 71.5274236531, 0.00165235517562, 0.804676553464
00, 10, 136, 2017, 342.050626239, 0.00185330518672, 0.814586902392, 71.6613215373, 0.0018118210603, 0.797542268356
00, 10, 137, 2017, 341.951110809, 0.00176537670205, 0.80184923145, 71.611196165, 0.00184190985497, 0.808802079324
00, 10, 138, 2017, 341.866513759, 0.0018255187719, 0.799823630754, 71.5324900306, 0.00172860304705, 0.809068301481
00, 10, 139, 2017, 341.910541688, 0.00159723315693, 0.824612866144, 71.9152272258, 0.001626453247, 0.788019610441
00, 10, 140, 2017, 341.942646399, 0.00157922571991, 0.815135099628, 72.0530965397, 0.00158491828107, 0.801153024305
00, 10, 141, 2017, 341.707648986, 0.00181243366749, 0.795303167684, 71.7350492877, 0.00183398401654, 0.813751828963
00, 10, 142, 2017, 341.748004689, 0.00186867229753, 0.83153740194, 71.6089851571, 0.00190600786516, 0.772979222673
00, 10, 143, 2017, 341.895547483, 0.00156336470371, 0.806835956113, 71.9121772647, 0.0014622168135, 0.811663324744
00, 10, 144, 2017, 341.981056837, 0.0014676843718, 0.790018951561, 71.9405495207, 0.00129312068357, 0.825431528999
00, 10, 145, 2017, 342.039080649, 0.00143242562084, 0.818100935329, 71.9784602933, 0.0012390619544, 0.808727036114
00, 10, 146, 2017, 342.032792623, 0.00148253096133, 0.762629913835, 71.8594373431, 0.00118141397013, 0.850719128416
00, 10, 147, 2017, 342.062251076, 0.00166644808989, 0.768762958442, 71.7625404154, 0.00138076087564, 0.844076218308
00, 10, 148, 2017, 341.929384131, 0.00165969509043, 0.805542929875, 71.7015342297, 0.00151172689523, 0.812059967609
00, 10, 149, 2017, 341.924570789, 0.00166935022007, 0.767501385188, 71.7834509121, 0.00156672729608, 0.840876683808
00, 10, 150, 2017, 342.245986742, 0.0016956446904, 0.801523780745, 72.0617846342, 0.00152540827119, 0.818579125736
00, 10, 151, 2017, 342.096618937, 0.00166528252283, 0.778531456106, 72.0826193699, 0.00150027143051, 0.835111575513
00, 10, 152, 2017, 341.89393702, 0.00171667908215, 0.774480219261, 71.8955217885, 0.00149521546638, 0.837175046233
00, 10, 153, 2017, 342.04245956, 0.00158053392582, 0.799136425251, 71.9028916983, 0.00143858120213, 0.820094049136
00, 10, 154, 2017, 341.767096472, 0.000985665156914, 0.750073997533, 71.7934874749, 0.000683038407294, 0.850665189984
00, 10, 155, 2017, 341.989444664, 0.0012106308823, 0.836008246887, 72.1360596905, 0.0012161018032, 0.777834291996
00, 10, 156, 2017, 341.904950124, 0.00147015617013, 0.812307283857, 71.8688983513, 0.00148489035279, 0.801004272611
00, 10, 157, 2017, 341.755765539, 0.0018012445808, 0.813415250527, 71.656351166, 0.00184567958861, 0.795253215831
00, 10, 158, 2017, 342.047375889, 0.00220521132441, 0.846354039181, 71.5281764451, 0.00228097679112, 0.755991230849
00, 10, 159, 2017, 341.953750412, 0.00214282239594, 0.810981221037, 71.5732503169, 0.00215782465049, 0.799379957519
00, 10, 160, 2017, 341.908268631, 0.00233535171651, 0.835650535541, 71.6498883523, 0.00219001819439, 0.769110142029
00, 10, 161, 2017, 341.850427488, 0.00236668709259, 0.843992623583, 71.334733613, 0.00233374467004, 0.763277370907
00, 10, 162, 2017, 342.577425234, 0.00160513531857, 0.83328225661, 71.7793725621, 0.00179308068919, 0.782725486693
00, 10, 163, 2017, 342.338082976, 0.00147471918224, 0.803461718669, 71.7033149748, 0.00167085898615, 0.814383415734
00, 10, 164, 2017, 342.032935955, 0.00168573273614, 0.801903882721, 71.5673868631, 0.00173175158589, 0.809229620798
00, 10, 165, 2017, 341.97469311, 0.00180281500765, 0.763870108636, 71.5937281204, 0.00181159931279, 0.840312331756
00, 10, 166, 2017, 341.890509572, 0.00114699496502, 0.748158197918, 72.7099275489, 0.00111493492781, 0.87129862795
00, 10, 167, 2017, 342.099386571, 0.00181303369273, 0.782840802899, 71.8505096278, 0.00170307895895, 0.829488854277
00, 10, 168, 2017, 341.998990435, 0.00175977638142, 0.802832024475, 71.8004537152, 0.0017988253356, 0.810366373991
00, 10, 171, 2017, 341.846622899, 0.001220013155, 0.850545396737, 72.22863852, 0.001233629496, 0.755881069882
00, 10, 172, 2017, 341.7607528, 0.00128187596023, 0.814220348574, 72.0308091669, 0.00118530126387, 0.804929655591
00, 10, 173, 2017, 341.926794446, 0.00123047150073, 0.785151786524, 72.0633639043, 0.00100791897312, 0.83744173998
00, 10, 174, 2017, 341.983564454, 0.00107912187019, 0.748694345901, 71.7146028468, 0.000645779740209, 0.8630628932
00, 10, 175, 2017, 342.624948929, 0.00103906150793, 0.753689533969, 72.2155554334, 0.000674980005383, 0.889558304302
00, 10, 176, 2017, 342.276715916, 0.00119943522845, 0.77838467986, 72.054409739, 0.000857586370582, 0.863863115295
00, 10, 177, 2017, 342.45834101, 0.00141909279156, 0.80191598372, 72.3493904102, 0.00136595708477, 0.832340279849
00, 10, 178, 2017, 342.049312243, 0.00150202518796, 0.814522567297, 71.7678135289, 0.00152065370939, 0.800416951886
00, 10, 179, 2017, 342.145013088, 0.00153010267286, 0.770677561678, 72.0833406737, 0.00144110004461, 0.846159614088
00, 10, 180, 2017, 342.083775095, 0.00135811494101, 0.806422100866, 72.0267289101, 0.00119162188614, 0.824390045811
00, 10, 181, 2017, 341.790191566, 0.00139344116289, 0.817332445349, 72.0874147017, 0.00134678852889, 0.79845545378
00, 10, 182, 2017, 341.627920091, 0.00121141353778, 0.820048272478, 72.0464195272, 0.00118479989035, 0.794933629099
00, 10, 183, 2017, 341.921392693, 0.00126432660662, 0.802689372279, 72.2044961777, 0.0011708005716, 0.828567944233
00, 10, 184, 2017, 341.931258457, 0.00147545374378, 0.786850632181, 71.8983700544, 0.00112179220218, 0.850350111903
00, 10, 185, 2017, 341.877534296, 0.00158814393665, 0.787349387686, 71.957958537, 0.00125797780795, 0.832943897229
00, 10, 186, 2017, 341.821364878, 0.00171630533997, 0.819503363706, 71.95815052, 0.00154183713427, 0.802260694215
00, 10, 187, 2017, 342.139728768, 0.00187861669162, 0.808942782643, 72.0522565106, 0.00173932135553, 0.813873288842
00, 10, 188, 2017, 341.94551018, 0.00193404611592, 0.809954823503, 71.9871628145, 0.00193708298472, 0.804287191235
00, 10, 189, 2017, 341.957933332, 0.00117006130519, 0.848527478476, 72.437028969, 0.00119106145572, 0.763111627484
00, 10, 190, 2017, 341.827531705, 0.00137165294177, 0.837872264531, 72.1827906801, 0.00143122107292, 0.775120691884
00, 10, 191, 2017, 342.139011199, 0.00157231671151, 0.78283607187, 72.1903832181, 0.00146251580745, 0.8383847202
00, 10, 192, 2017, 341.82876383, 0.0014186664908, 0.808900822336, 72.1603666794, 0.00124577497724, 0.807435306878
00, 10, 193, 2017, 341.989609957, 0.00127180553094, 0.833427539636, 72.2474497581, 0.00120734269273, 0.793964605295
00, 10, 194, 2017, 342.06295756, 0.00138958413766, 0.797697211548, 72.2216577499, 0.00119293291578, 0.830097907801
00, 10, 195, 2017, 342.126612051, 0.00152560521814, 0.811614240174, 72.0854438177, 0.00157282120291, 0.811549111572
00, 10, 196, 2017, 341.887628426, 0.0016271902204, 0.798045491301, 72.0212734131, 0.00154440777565, 0.820719356712
00, 10, 197, 2017, 341.923989466, 0.00169465018413, 0.818547423001, 72.0968231228, 0.00160065355181, 0.80228334883
00, 10, 198, 2017, 341.976441294, 0.00196635554585, 0.793129825748, 72.0636147641, 0.00167368130091, 0.823319061243
00, 10, 199, 2017, 341.932675198, 0.000657858626786, 0.815556554979, 72.045648745, 0.000429537756944, 0.801166113071
00, 10, 200, 2017, 341.983503299, 0.00200290160534, 0.779608984793, 71.8703053961, 0.00171704818455, 0.832911919276
