Metadata information for IU_ANMO: Ref theta, 18.0, 108.0, Test theta, 343.0, 73.0
ReferenceLoc, TestLoc, day, year, comp,NS theta, NS residual, NS corr, EW theta,EW residual, EW coor 
00, 10, 002, 2017, 341.79659781, 0.00143300072796, 0.786362680559, 71.683746759, 0.00124998605238, 0.824900037415
00, 10, 003, 2017, 341.910150841, 0.00168488728693, 0.781395173366, 71.6464696669, 0.00142644162809, 0.827509769567
00, 10, 006, 2017, 342.017036414, 0.00176237820253, 0.835136483874, 71.4895524704, 0.00181952723008, 0.770670317037
00, 10, 007, 2017, 342.177177425, 0.00143396791992, 0.770870265663, 71.527420064, 0.00151579000198, 0.836917281529
00, 10, 008, 2017, 341.991754294, 0.00220204629008, 0.855001716353, 71.541285829, 0.00204861626724, 0.769825769119
00, 10, 009, 2017, 341.65765022, 0.00133138035598, 0.763930564027, 71.6678767351, 0.00134800447863, 0.838723371442
00, 10, 010, 2017, 342.173030267, 0.00168806787232, 0.800233025473, 71.6894073432, 0.00182433898226, 0.813565912749
00, 10, 011, 2017, 342.184171854, 0.0015005237789, 0.801749618803, 72.017859432, 0.00142627649415, 0.815849743445
00, 10, 012, 2017, 342.011171535, 0.00126754712765, 0.762183597106, 71.8693659203, 0.00107860874918, 0.84776746176
00, 10, 013, 2017, 342.125294763, 0.00140733955446, 0.744707021576, 71.8741161395, 0.00110763851174, 0.857440373414
00, 10, 014, 2017, 341.833079508, 0.00180328057708, 0.78204557943, 71.3551648666, 0.00179892289965, 0.822829448719
00, 10, 015, 2017, 342.09694687, 0.0016059098605, 0.806272883564, 71.5810125191, 0.00168175543823, 0.806294818662
00, 10, 016, 2017, 341.91548479, 0.00159306575215, 0.76300336641, 71.6627246501, 0.00160227637849, 0.844842591516
00, 10, 017, 2017, 341.884831901, 0.00118513028396, 0.820526258193, 71.9942901822, 0.00112320966752, 0.796950185377
00, 10, 018, 2017, 341.724762626, 0.00133887985505, 0.771334094065, 71.8172018817, 0.00113909362196, 0.836929851503
00, 10, 021, 2017, 341.844674961, 0.00123976913843, 0.770318428363, 71.765849287, 0.00093347595268, 0.837676953948
00, 10, 022, 2017, 342.168419554, 0.00119252188434, 0.771367660933, 71.9172825003, 0.00090300131623, 0.841074028673
00, 10, 023, 2017, 342.205739262, 0.00121989776249, 0.814181291839, 71.7748399791, 0.00115653227994, 0.801813828466
00, 10, 024, 2017, 342.097598133, 0.00150129634642, 0.809388801774, 71.8251576955, 0.00119065772981, 0.807729778503
00, 10, 025, 2017, 342.162724996, 0.00158531859872, 0.841368179768, 71.6759614586, 0.00156834058887, 0.767266617602
00, 10, 026, 2017, 342.348050642, 0.00127333464172, 0.815618868866, 71.9078247783, 0.00131289309401, 0.804780364171
00, 10, 027, 2017, 341.860566299, 0.00146029348026, 0.780024613432, 71.4281360923, 0.00145569083996, 0.827869597917
00, 10, 028, 2017, 342.047622677, 0.0013602413398, 0.811051179258, 71.6192802114, 0.00134824716782, 0.801363793398
00, 10, 029, 2017, 342.23521613, 0.00113469941659, 0.781364338938, 71.8100421967, 0.00110151738318, 0.832405523716
00, 10, 030, 2017, 341.998632187, 0.0013368756916, 0.766366032424, 71.8077259761, 0.00119185612305, 0.84156524726
00, 10, 031, 2017, 342.133718452, 0.00129305789477, 0.703336966503, 71.995198882, 0.00108624240974, 0.879220619383
