ReferenceLoc, TestLoc, day, year, comp,                                 NS theta, NS residual, NS corr, EW theta, EW residual, EW coor,                                 metadata Ref LH1, metadata Ref LH2, metadata Test LH1, metadata Test LH2
10, 00, 001, 2016, -46.025881766, 0.00130901320729, 0.57698325909, 100.324435323, 0.222342143195, 0.777657856094, 357.0, 87.0, 311.0, 41.0
10, 00, 002, 2016, -45.927551247, 0.00190630060095, 0.607072168949, 219.003702924, 0.236882691289, 0.763117309508, 357.0, 87.0, 311.0, 41.0
10, 00, 003, 2016, -46.5633719467, 0.0031748628635, 0.610516440042, 0.0, 1.75498317075, 0.754983170399, 357.0, 87.0, 311.0, 41.0
10, 00, 004, 2016, -46.439132737, 0.0022155453906, 0.540121460768, 194.205864776, 0.195432432878, 0.804567566807, 357.0, 87.0, 311.0, 41.0
10, 00, 005, 2016, -46.3268788763, 0.00252660109936, 0.630463649741, 122.490560779, 0.253681177243, 0.746318824168, 357.0, 87.0, 311.0, 41.0
10, 00, 010, 2016, -45.9308409549, 0.00152595456218, 0.515986289805, 63.2028206401, 0.187218022098, 0.812781978341, 357.0, 87.0, 311.0, 41.0
10, 00, 013, 2016, -45.8902282799, 0.00165659202446, 0.586279052479, 195.835914141, 0.225257283657, 0.774742717332, 357.0, 87.0, 311.0, 41.0
10, 00, 014, 2016, -46.112136256, 0.00143114093829, 0.545244941415, 120.321830085, 0.204879837476, 0.795120161865, 357.0, 87.0, 311.0, 41.0
10, 00, 015, 2016, -46.0246957652, 0.00101006839674, 0.641223541957, 176.060421115, 0.259864864755, 0.740135135143, 357.0, 87.0, 311.0, 41.0
10, 00, 020, 2016, -46.0895599694, 0.00202663757356, 0.59167163605, 0.0, 1.77131877542, 0.771318774955, 357.0, 87.0, 311.0, 41.0
10, 00, 023, 2016, -46.9263062039, 0.0021886171563, 0.530776974945, 196.774341576, 0.200783921821, 0.799216076793, 357.0, 87.0, 311.0, 41.0
10, 00, 024, 2016, -46.7151783626, 0.00193420378061, 0.541261480167, 97.6159661133, 0.203423307427, 0.796576692829, 357.0, 87.0, 311.0, 41.0
10, 00, 025, 2016, -46.2138174423, 0.00140848760184, 0.636664881353, 164.391726492, 0.259846668903, 0.740153330098, 357.0, 87.0, 311.0, 41.0
10, 00, 026, 2016, -45.9437646725, 0.00152407303831, 0.52139173646, 191.641087668, 0.188998093998, 0.81100190584, 357.0, 87.0, 311.0, 41.0
10, 00, 027, 2016, -46.0496594885, 0.00138558490841, 0.629182059116, 187.573785875, 0.249943997042, 0.750056002121, 357.0, 87.0, 311.0, 41.0
10, 00, 028, 2016, -46.139191905, 0.00190869441987, 0.64565438078, 184.700557269, 0.268781252168, 0.73121874885, 357.0, 87.0, 311.0, 41.0
10, 00, 029, 2016, -46.6393418868, 0.00246837247512, 0.568555344486, 180.005277276, 0.219450413949, 0.780549584693, 357.0, 87.0, 311.0, 41.0
10, 00, 032, 2016, -45.9359569194, 0.00120614080008, 0.545005949625, 166.497366765, 0.206197888762, 0.793802111787, 357.0, 87.0, 311.0, 41.0
10, 00, 033, 2016, -45.9016401724, 0.000571189344792, 0.579144038946, 87.5599632394, 0.22258504809, 0.777414951155, 357.0, 87.0, 311.0, 41.0
10, 00, 034, 2016, -46.145753401, 0.00154020977537, 0.591383679434, 110.086744092, 0.229161938921, 0.770838060975, 357.0, 87.0, 311.0, 41.0
10, 00, 035, 2016, -46.2133169132, 0.00245476031395, 0.637848470218, 185.510962076, 0.260037190399, 0.739962808231, 357.0, 87.0, 311.0, 41.0
10, 00, 036, 2016, -46.373783213, 0.00252127791489, 0.695128664131, 53.404720597, 0.308088785836, 0.691911213587, 357.0, 87.0, 311.0, 41.0
10, 00, 037, 2016, -46.1774042792, 0.00209657922119, 0.510006822704, 136.012519793, 0.178621285402, 0.82137871501, 357.0, 87.0, 311.0, 41.0
10, 00, 038, 2016, -46.0272028951, 0.00251062468308, 0.514917485657, 177.164147712, 0.186580449797, 0.813419551523, 357.0, 87.0, 311.0, 41.0
10, 00, 039, 2016, -46.7723277901, 0.00187180687868, 0.566026612236, 178.655160017, 0.220723415188, 0.779276584786, 357.0, 87.0, 311.0, 41.0
10, 00, 040, 2016, -46.2419441225, 0.00149619058647, 0.599403502674, 128.608314177, 0.233948508163, 0.766051491517, 357.0, 87.0, 311.0, 41.0
10, 00, 041, 2016, -46.5952771865, 0.00166810988795, 0.55448144796, 163.126048293, 0.210696691226, 0.789303309235, 357.0, 87.0, 311.0, 41.0
10, 00, 042, 2016, -46.3145679844, 0.00159968407745, 0.542597262344, 122.243467588, 0.20389284155, 0.796107158436, 357.0, 87.0, 311.0, 41.0
10, 00, 043, 2016, -45.7849630513, 0.00164893555248, 0.583114633437, 175.567852512, 0.221351572023, 0.77864842829, 357.0, 87.0, 311.0, 41.0
10, 00, 044, 2016, -46.4666011696, 0.00217562880438, 0.571316873084, 89.9362422898, 0.212630900614, 0.787369100168, 357.0, 87.0, 311.0, 41.0
10, 00, 045, 2016, -46.1727385523, 0.00207711044379, 0.565238170906, 166.386983916, 0.214490513692, 0.785509485782, 357.0, 87.0, 311.0, 41.0
10, 00, 046, 2016, -46.0150362912, 0.00200619233929, 0.557355160416, 183.405298276, 0.20780623445, 0.792193765369, 357.0, 87.0, 311.0, 41.0
10, 00, 047, 2016, -46.1614490018, 0.00226573544782, 0.556470637626, 199.694370031, 0.207228174642, 0.792771826338, 357.0, 87.0, 311.0, 41.0
10, 00, 050, 2016, -46.0970957457, 0.00265044498741, 0.537207619308, 141.363787081, 0.197581605464, 0.802418395481, 357.0, 87.0, 311.0, 41.0
10, 00, 051, 2016, -46.0494783148, 0.00189452988519, 0.525926988428, 90.4422554299, 0.195567906494, 0.804432094963, 357.0, 87.0, 311.0, 41.0
10, 00, 052, 2016, -46.0192354041, 0.00159443948703, 0.542079069644, 185.367198024, 0.200196755126, 0.799803243164, 357.0, 87.0, 311.0, 41.0
10, 00, 053, 2016, -45.7028434043, 0.00112275124914, 0.566417962174, 79.0274972934, 0.213401284185, 0.786598717628, 357.0, 87.0, 311.0, 41.0
10, 00, 054, 2016, -45.8391219164, 0.00126844453661, 0.600539748179, 78.3021540716, 0.23243265444, 0.767567345062, 357.0, 87.0, 311.0, 41.0
10, 00, 055, 2016, -46.3514758679, 0.00206272726162, 0.552325211465, 179.944401272, 0.206482781967, 0.793517215992, 357.0, 87.0, 311.0, 41.0
10, 00, 056, 2016, -46.8951602753, 0.00226957837191, 0.502691787359, 157.862493647, 0.189408396932, 0.810591602993, 357.0, 87.0, 311.0, 41.0
10, 00, 057, 2016, -46.4382868408, 0.00179024055679, 0.537616524545, 184.381279748, 0.197276069969, 0.802723930149, 357.0, 87.0, 311.0, 41.0
10, 00, 058, 2016, -45.9218766852, 0.00259637160246, 0.579800059204, 118.471560903, 0.217840240257, 0.782159760543, 357.0, 87.0, 311.0, 41.0
10, 00, 061, 2016, -45.8469031172, 0.00156507582123, 0.613377722493, 108.890903518, 0.239294456085, 0.760705544856, 357.0, 87.0, 311.0, 41.0
10, 00, 062, 2016, -45.7845475129, 0.00170913632504, 0.616950021831, 138.759098552, 0.242552670907, 0.757447330148, 357.0, 87.0, 311.0, 41.0
10, 00, 063, 2016, -46.9341357452, 0.00225315263287, 0.598303106144, 117.415552566, 0.239503836054, 0.76049616411, 357.0, 87.0, 311.0, 41.0
10, 00, 064, 2016, -45.9672830283, 0.00211645295965, 0.536163802021, 181.95554285, 0.196997176283, 0.803002824924, 357.0, 87.0, 311.0, 41.0
10, 00, 065, 2016, -46.737277673, 0.00224147647847, 0.556283489441, 217.040569045, 0.203883502538, 0.796116497538, 357.0, 87.0, 311.0, 41.0
10, 00, 066, 2016, -45.9707950508, 0.00140071696967, 0.546412833786, 202.097677427, 0.20531417839, 0.794685821769, 357.0, 87.0, 311.0, 41.0
10, 00, 067, 2016, -45.9655253203, 0.00207167811831, 0.523535375415, 175.87453155, 0.186848655403, 0.813151343212, 357.0, 87.0, 311.0, 41.0
10, 00, 068, 2016, -45.9416301941, 0.00206625518897, 0.539116290389, 140.151847016, 0.200600729722, 0.799399270369, 357.0, 87.0, 311.0, 41.0
10, 00, 069, 2016, -46.0478469788, 0.00221371433486, 0.581449686125, 140.025237715, 0.221647742423, 0.778352258096, 357.0, 87.0, 311.0, 41.0
10, 00, 070, 2016, -46.0220097062, 0.00158560795712, 0.645084172235, 167.96061269, 0.264912609985, 0.735087389815, 357.0, 87.0, 311.0, 41.0
10, 00, 071, 2016, -46.3227393225, 0.00200978228052, 0.628029235373, 160.59972355, 0.255913150364, 0.744086850904, 357.0, 87.0, 311.0, 41.0
10, 00, 072, 2016, -46.2847255164, 0.0020075451542, 0.667494908236, 74.9564586049, 0.287189367011, 0.712810632265, 357.0, 87.0, 311.0, 41.0
10, 00, 075, 2016, -45.9362695825, 0.00532564191636, 0.59237682787, 124.53987163, 0.242100451627, 0.757899548015, 357.0, 87.0, 311.0, 41.0
10, 00, 076, 2016, -45.9984148972, 0.00230455015529, 0.581675706507, 51.5245752037, 0.219021283428, 0.780978717626, 357.0, 87.0, 311.0, 41.0
10, 00, 077, 2016, -45.931043742, 0.0023736326547, 0.580613588196, 132.768918019, 0.220548579302, 0.779451422212, 357.0, 87.0, 311.0, 41.0
10, 00, 078, 2016, -45.7261826918, 0.00639484260787, 0.576878424985, 179.512170734, 0.221416008162, 0.778583991779, 357.0, 87.0, 311.0, 41.0
10, 00, 079, 2016, -45.9064549809, 0.00118088830191, 0.629939674248, 139.368596353, 0.24843617481, 0.751563824578, 357.0, 87.0, 311.0, 41.0
10, 00, 080, 2016, -46.2395976506, 0.00478997231838, 0.575221637729, 184.015220171, 0.222943318674, 0.777056681346, 357.0, 87.0, 311.0, 41.0
10, 00, 081, 2016, -46.5851355647, 0.0117125890128, 0.647914442302, 177.784771174, 0.290548058637, 0.709451942072, 357.0, 87.0, 311.0, 41.0
10, 00, 083, 2016, -46.0402070094, 0.00206098694095, 0.701792381003, 173.694093963, 0.321933230269, 0.678066770283, 357.0, 87.0, 311.0, 41.0
10, 00, 084, 2016, -46.0944743788, 0.000699136361764, 0.68053010863, 94.7489687242, 0.299900166786, 0.700099834057, 357.0, 87.0, 311.0, 41.0
10, 00, 085, 2016, -45.7396926481, 0.00162028041708, 0.659186883784, 189.646068721, 0.280268019804, 0.719731981229, 357.0, 87.0, 311.0, 41.0
10, 00, 088, 2016, -45.5155445982, 0.00106897042732, 0.699649956539, 153.081607668, 0.317522177892, 0.682477825578, 357.0, 87.0, 311.0, 41.0
10, 00, 091, 2016, -46.5125527659, 0.00215131128641, 0.520003588757, 197.971359497, 0.192239412264, 0.80776058686, 357.0, 87.0, 311.0, 41.0
10, 00, 094, 2016, -47.3267402588, 0.00273831836006, 0.534021786786, 0.0, 1.80178419823, 0.801784198367, 357.0, 87.0, 311.0, 41.0
10, 00, 097, 2016, -46.537981411, 0.00264281273303, 0.570726896738, 176.81486042, 0.216606917252, 0.783393082967, 357.0, 87.0, 311.0, 41.0
10, 00, 100, 2016, -46.3107192251, 0.0021541799923, 0.591381804323, 164.551168114, 0.230324533085, 0.769675468036, 357.0, 87.0, 311.0, 41.0
10, 00, 103, 2016, -46.0620042598, 0.00260770685021, 0.53923106048, 113.520303117, 0.203830173101, 0.796169825727, 357.0, 87.0, 311.0, 41.0
10, 00, 104, 2016, -46.2502368877, 0.00261857289051, 0.515240292791, 147.398783311, 0.190437668703, 0.809562330902, 357.0, 87.0, 311.0, 41.0
10, 00, 106, 2016, -46.4374467285, 0.00212164733528, 0.529647176472, 94.5341465771, 0.191057552837, 0.808942448387, 357.0, 87.0, 311.0, 41.0
10, 00, 111, 2016, -45.8426435715, 0.00159748446757, 0.524260751143, 178.975625437, 0.188636965752, 0.811363033643, 357.0, 87.0, 311.0, 41.0
10, 00, 112, 2016, -45.8844649559, 0.00225563918296, 0.572220859188, 188.812024582, 0.217495871669, 0.782504127434, 357.0, 87.0, 311.0, 41.0
10, 00, 113, 2016, -45.900283324, 0.00437812795067, 0.535386441571, 66.6391840512, 0.200402267202, 0.79959773083, 357.0, 87.0, 311.0, 41.0
10, 00, 114, 2016, -46.0467672131, 0.00242717210767, 0.563561285111, 146.100463528, 0.211580151296, 0.788419849483, 357.0, 87.0, 311.0, 41.0
10, 00, 115, 2016, -46.1891171904, 0.00461673835733, 0.569378450293, 165.476623435, 0.222684207369, 0.777315794003, 357.0, 87.0, 311.0, 41.0
10, 00, 116, 2016, -45.894406697, 0.00176452179283, 0.61082128914, 72.844613025, 0.245502584489, 0.754497413625, 357.0, 87.0, 311.0, 41.0
10, 00, 117, 2016, -46.0903587062, 0.00215566486928, 0.551679708344, 0.0, 1.79293112704, 0.792931126919, 357.0, 87.0, 311.0, 41.0
10, 00, 118, 2016, -46.2010023756, 0.0013398287347, 0.55141799561, 199.751584121, 0.201844588587, 0.798155412279, 357.0, 87.0, 311.0, 41.0
10, 00, 119, 2016, -45.9582842891, 0.00151469399271, 0.653846868362, 160.882318076, 0.263841946336, 0.736158052612, 357.0, 87.0, 311.0, 41.0
10, 00, 120, 2016, -45.4214535408, 0.0138986181795, 0.598304866631, 150.332747368, 0.235513339322, 0.764486660579, 357.0, 87.0, 311.0, 41.0
10, 00, 121, 2016, -46.2797875571, 0.000690990234247, 0.745068564656, 135.200207269, 0.374750280347, 0.625249720403, 357.0, 87.0, 311.0, 41.0
10, 00, 122, 2016, -46.0198479651, 0.00147795472517, 0.60867617612, 121.028663374, 0.241076231995, 0.758923768045, 357.0, 87.0, 311.0, 41.0
10, 00, 123, 2016, -46.0051287369, 0.002537675161, 0.580999020122, 158.512495484, 0.223042091545, 0.776957908613, 357.0, 87.0, 311.0, 41.0
10, 00, 125, 2016, -46.468730601, 0.00236805053986, 0.575971778839, 220.472702021, 0.210290003914, 0.789709995927, 357.0, 87.0, 311.0, 41.0
10, 00, 128, 2016, -45.9461152645, 0.0025602371091, 0.593405888901, 183.211024813, 0.224946834632, 0.775053166278, 357.0, 87.0, 311.0, 41.0
10, 00, 129, 2016, -46.0286602128, 0.00231998619633, 0.576370762196, 154.116850138, 0.222096983104, 0.777903017196, 357.0, 87.0, 311.0, 41.0
10, 00, 130, 2016, -46.06654684, 0.00254946721015, 0.57537096325, 123.020351425, 0.222289445446, 0.777710554567, 357.0, 87.0, 311.0, 41.0
10, 00, 131, 2016, -46.0082006687, 0.00385716378094, 0.616711445667, 183.295879792, 0.241780982932, 0.758219016612, 357.0, 87.0, 311.0, 41.0
10, 00, 132, 2016, -46.2071821397, 0.0020469706671, 0.552505650333, 172.464449032, 0.211135553524, 0.788864447403, 357.0, 87.0, 311.0, 41.0
10, 00, 133, 2016, -46.0392871121, 0.00327121697325, 0.524760488438, 176.701671076, 0.19025836071, 0.809741642518, 357.0, 87.0, 311.0, 41.0
10, 00, 136, 2016, -46.3622778434, 0.00703860794668, 0.582926663023, 199.13786976, 0.2376351953, 0.762364804802, 357.0, 87.0, 311.0, 41.0
10, 00, 137, 2016, -45.9125047048, 0.00216069754918, 0.64701219525, 50.810580343, 0.265434616335, 0.734565383113, 357.0, 87.0, 311.0, 41.0
10, 00, 138, 2016, -46.1378388639, 0.00409757967544, 0.646987198897, 194.927699238, 0.267049353171, 0.732950646741, 357.0, 87.0, 311.0, 41.0
10, 00, 139, 2016, -46.0555122843, 0.0417184246672, 0.639124588133, 149.676155475, 0.401176082497, 0.598823917211, 357.0, 87.0, 311.0, 41.0
10, 00, 140, 2016, -46.5426179159, 0.00391522965309, 0.635687839353, 0.0, 1.73350371372, 0.733503713916, 357.0, 87.0, 311.0, 41.0
10, 00, 141, 2016, -46.4205765887, 0.00403622856617, 0.532202558139, 155.129363105, 0.195513922335, 0.80448607711, 357.0, 87.0, 311.0, 41.0
10, 00, 142, 2016, -46.0573600468, 0.00257620794107, 0.567487145636, 129.624353453, 0.207079115236, 0.79292088461, 357.0, 87.0, 311.0, 41.0
10, 00, 143, 2016, -46.3089873669, 0.00432518745472, 0.543978398245, 138.629596122, 0.207099274353, 0.792900725568, 357.0, 87.0, 311.0, 41.0
10, 00, 144, 2016, -45.930278168, 0.0106060950345, 0.556516303886, 106.74475524, 0.22573305224, 0.774266948394, 357.0, 87.0, 311.0, 41.0
10, 00, 145, 2016, -45.9422771288, 0.00388348231814, 0.559843828532, 164.382405177, 0.214224307422, 0.785775690542, 357.0, 87.0, 311.0, 41.0
10, 00, 146, 2016, -46.1144131689, 0.00228230218332, 0.544175662596, 96.7967858026, 0.201097678376, 0.79890232119, 357.0, 87.0, 311.0, 41.0
10, 00, 147, 2016, -46.3046106825, 0.00529363335097, 0.548350355535, 165.92675034, 0.211217456471, 0.788782542745, 357.0, 87.0, 311.0, 41.0
10, 00, 148, 2016, -46.2431857959, 0.00311884900323, 0.616310314575, 90.7521520928, 0.248359285363, 0.751640714221, 357.0, 87.0, 311.0, 41.0
10, 00, 149, 2016, -46.4868442046, 0.00365477738687, 0.600026635329, 113.29370952, 0.241837424419, 0.758162575823, 357.0, 87.0, 311.0, 41.0
10, 00, 150, 2016, -46.5905649874, 0.00265701540103, 0.663382122684, 143.371379162, 0.21281101549, 0.787188984002, 357.0, 87.0, 311.0, 41.0
10, 00, 151, 2016, -45.8093274851, 0.00334014841566, 0.540063131285, 199.054835293, 0.192652022795, 0.807347978687, 357.0, 87.0, 311.0, 41.0
10, 00, 152, 2016, -46.3282159906, 0.00253577568697, 0.543571561701, 183.681303464, 0.204583149038, 0.795416849845, 357.0, 87.0, 311.0, 41.0
10, 00, 153, 2016, -46.1891481686, 0.00841094509293, 0.60332120645, 222.2833632, 0.232508685437, 0.767491317148, 357.0, 87.0, 311.0, 41.0
10, 00, 156, 2016, -46.2264580872, 0.00373293892548, 0.583223601131, 153.420353307, 0.230937162203, 0.769062837287, 357.0, 87.0, 311.0, 41.0
10, 00, 157, 2016, -46.0362025449, 0.00245019885035, 0.697427023705, 116.675352262, 0.308763107703, 0.691236891929, 357.0, 87.0, 311.0, 41.0
10, 00, 158, 2016, -46.5702536194, 0.00179188167321, 0.677072798312, 160.725787204, 0.285327000967, 0.714672999749, 357.0, 87.0, 311.0, 41.0
10, 00, 159, 2016, -46.4126058114, 0.0162800180913, 0.545422267395, 173.834259875, 0.223912887617, 0.776087110515, 357.0, 87.0, 311.0, 41.0
10, 00, 162, 2016, -46.2110374921, 0.00227038480315, 0.639830021177, 195.01155534, 0.26658666272, 0.733413337817, 357.0, 87.0, 311.0, 41.0
10, 00, 163, 2016, -46.3242411875, 0.00178789415403, 0.614823600668, 205.143786702, 0.245957877028, 0.754042124815, 357.0, 87.0, 311.0, 41.0
10, 00, 164, 2016, -45.9372126603, 0.00277360034694, 0.601918063684, 186.083514262, 0.235650887333, 0.764349113072, 357.0, 87.0, 311.0, 41.0
10, 00, 165, 2016, -46.2240039216, 0.00312049087427, 0.642664863699, 0.0, 1.72994995332, 0.72994995375, 357.0, 87.0, 311.0, 41.0
10, 00, 166, 2016, -45.9916873695, 0.00441658838432, 0.657452856411, 162.311221736, 0.282847680003, 0.717152320278, 357.0, 87.0, 311.0, 41.0
10, 00, 167, 2016, -46.1471592712, 0.0132073268351, 0.592823719796, 84.6943269074, 0.253971864371, 0.746028135157, 357.0, 87.0, 311.0, 41.0
10, 00, 168, 2016, -45.8783381233, 0.00187635578601, 0.598984333213, 175.906925447, 0.231206414314, 0.768793585767, 357.0, 87.0, 311.0, 41.0
10, 00, 169, 2016, -46.9366850017, 0.00337265613816, 0.576253654566, 175.21380333, 0.209306184997, 0.790693815286, 357.0, 87.0, 311.0, 41.0
10, 00, 170, 2016, -46.4225313978, 0.00397828427083, 0.579471356855, 201.820287838, 0.224185489574, 0.775814510605, 357.0, 87.0, 311.0, 41.0
10, 00, 171, 2016, -46.3550815399, 0.00270311113757, 0.632016514027, 113.485216923, 0.242190634381, 0.757809364915, 357.0, 87.0, 311.0, 41.0
10, 00, 176, 2016, -46.1879615129, 0.00201593949195, 0.631511705286, 201.373102013, 0.260134663154, 0.739865335381, 357.0, 87.0, 311.0, 41.0
10, 00, 177, 2016, -45.9466852558, 0.00344454423183, 0.626926960213, 209.556543379, 0.256340879015, 0.743659121062, 357.0, 87.0, 311.0, 41.0
10, 00, 178, 2016, -46.0241462494, 0.00204201566701, 0.583308782435, 174.63873572, 0.224423103939, 0.775576894918, 357.0, 87.0, 311.0, 41.0
10, 00, 179, 2016, -46.4722152695, 0.00787548329039, 0.532602632778, 173.745452746, 0.208032850791, 0.791967149086, 357.0, 87.0, 311.0, 41.0
10, 00, 180, 2016, -46.5961718305, 0.00413999123243, 0.502180769036, 180.731610187, 0.184683031878, 0.815316967615, 357.0, 87.0, 311.0, 41.0
10, 00, 181, 2016, -46.3156407669, 0.00296172996678, 0.542423897871, 141.997611348, 0.200143158226, 0.799856841727, 357.0, 87.0, 311.0, 41.0
10, 00, 182, 2016, -46.0424807198, 0.00251947134356, 0.60195753799, 177.575494088, 0.233927163309, 0.766072836742, 357.0, 87.0, 311.0, 41.0
10, 00, 183, 2016, -45.8816575825, 0.0022103768785, 0.620906813772, 152.376620922, 0.246848700889, 0.753151299379, 357.0, 87.0, 311.0, 41.0
10, 00, 184, 2016, -45.9890953674, 0.00237699314438, 0.6096214182, 216.792417927, 0.241998530794, 0.758001469723, 357.0, 87.0, 311.0, 41.0
10, 00, 185, 2016, -45.8183336397, 0.00249419279535, 0.610973932795, 180.284302953, 0.239612308217, 0.760387691865, 357.0, 87.0, 311.0, 41.0
10, 00, 186, 2016, -45.752711447, 0.00329427074883, 0.575310873559, 150.169451271, 0.222032553047, 0.77796744732, 357.0, 87.0, 311.0, 41.0
10, 00, 187, 2016, -46.196038683, 0.00499939063161, 0.584594356538, 123.842366062, 0.233275871563, 0.766724129391, 357.0, 87.0, 311.0, 41.0
10, 00, 188, 2016, -46.1046073541, 0.00769563104016, 0.577866173425, 173.518929012, 0.230297557167, 0.769702442423, 357.0, 87.0, 311.0, 41.0
10, 00, 189, 2016, -45.9192475161, 0.00253874299118, 0.588699053694, 109.355082914, 0.226087251979, 0.773912747968, 357.0, 87.0, 311.0, 41.0
10, 00, 190, 2016, -46.1177903525, 0.00182887405928, 0.593195406989, 125.022276156, 0.232781587707, 0.767218413339, 357.0, 87.0, 311.0, 41.0
10, 00, 191, 2016, -45.9479808077, 0.00260931895487, 0.646913120113, 171.740708313, 0.267324076716, 0.732675922964, 357.0, 87.0, 311.0, 41.0
10, 00, 192, 2016, -46.1307701325, 0.00211208936897, 0.526347193986, 0.0, 1.8038202968, 0.803820296941, 357.0, 87.0, 311.0, 41.0
10, 00, 193, 2016, -46.0332642962, 0.00229064204481, 0.585640482524, 207.208842874, 0.224907738831, 0.775092262157, 357.0, 87.0, 311.0, 41.0
10, 00, 194, 2016, -45.9517586015, 0.00204687287925, 0.542940634995, 176.847394883, 0.202199418849, 0.797800580711, 357.0, 87.0, 311.0, 41.0
10, 00, 195, 2016, -46.1417737497, 0.00264627096571, 0.578976724117, 205.216072608, 0.224110914239, 0.775889084959, 357.0, 87.0, 311.0, 41.0
10, 00, 196, 2016, -46.0810230611, 0.00198228205597, 0.59590787837, 181.034207853, 0.232075417909, 0.767924581894, 357.0, 87.0, 311.0, 41.0
10, 00, 197, 2016, -46.1802965293, 0.00194112446698, 0.649950156957, 111.884614592, 0.275378249096, 0.724621750632, 357.0, 87.0, 311.0, 41.0
10, 00, 198, 2016, -46.29106052, 0.00253056387303, 0.640670081284, 189.807807485, 0.273021005657, 0.726978994473, 357.0, 87.0, 311.0, 41.0
10, 00, 199, 2016, -46.1778379845, 0.00773234972228, 0.647414858291, 129.9468651, 0.282929652559, 0.717070347796, 357.0, 87.0, 311.0, 41.0
10, 00, 200, 2016, -46.3960802148, 0.00807057419638, 0.621255152995, 60.5186284222, 0.267748905547, 0.732251095027, 357.0, 87.0, 311.0, 41.0
10, 00, 201, 2016, -46.7577518539, 0.00266749037641, 0.599955847753, 198.891239629, 0.23845385427, 0.761546144824, 357.0, 87.0, 311.0, 41.0
10, 00, 202, 2016, -46.2725481125, 0.0025275625892, 0.616586930807, 190.020911178, 0.247455502223, 0.752544499538, 357.0, 87.0, 311.0, 41.0
10, 00, 203, 2016, -46.1742925329, 0.00505889310582, 0.58327724599, 161.474851219, 0.231590382396, 0.768409616893, 357.0, 87.0, 311.0, 41.0
10, 00, 204, 2016, -46.1819759368, 0.00244305986029, 0.564203965688, 172.453841746, 0.207973691596, 0.792026307952, 357.0, 87.0, 311.0, 41.0
10, 00, 207, 2016, -46.528024774, 0.00513728891877, 0.542775583315, 178.382830194, 0.209896654097, 0.790103345282, 357.0, 87.0, 311.0, 41.0
10, 00, 208, 2016, -46.5000958585, 0.0219458334496, 0.615397555037, 116.745701104, 0.285017595468, 0.714982405009, 357.0, 87.0, 311.0, 41.0
10, 00, 209, 2016, -46.2637164497, 0.00440388427986, 0.628645541596, 187.737173742, 0.261314186723, 0.738685812406, 357.0, 87.0, 311.0, 41.0
10, 00, 210, 2016, -46.3758213639, 0.00294091785966, 0.731070014671, 133.225267529, 0.356517188175, 0.643482810747, 357.0, 87.0, 311.0, 41.0
10, 00, 211, 2016, -45.9619328561, 0.00209034328967, 0.67807455025, 198.663907614, 0.293379764218, 0.706620236049, 357.0, 87.0, 311.0, 41.0
10, 00, 212, 2016, -46.186511914, 0.00186153790944, 0.643790161123, 146.810605526, 0.270482978364, 0.729517020912, 357.0, 87.0, 311.0, 41.0
10, 00, 213, 2016, -45.7474739234, 0.0412485071709, 0.65163650222, 169.924770541, 0.323828277734, 0.676171723121, 357.0, 87.0, 311.0, 41.0
10, 00, 214, 2016, -46.0430970139, 0.00456793828425, 0.714990380298, 76.2555980757, 0.345413542787, 0.654586456971, 357.0, 87.0, 311.0, 41.0
10, 00, 215, 2016, -45.8652098104, 0.00162322841874, 0.611923283411, 146.046455368, 0.247772871067, 0.752227130203, 357.0, 87.0, 311.0, 41.0
10, 00, 216, 2016, -45.6409194713, 0.00208570169982, 0.601571573311, 58.8215695824, 0.24083819083, 0.759161809799, 357.0, 87.0, 311.0, 41.0
10, 00, 217, 2016, -46.319249695, 0.00536969505128, 0.563258745698, 176.331716987, 0.220839302712, 0.779160696437, 357.0, 87.0, 311.0, 41.0
10, 00, 218, 2016, -46.2135387862, 0.0025738316675, 0.586841362253, 190.806206995, 0.230540915978, 0.769459083009, 357.0, 87.0, 311.0, 41.0
10, 00, 221, 2016, -46.0804701153, 0.00212513153479, 0.608648862618, 0.0, 1.75471598873, 0.754715989997, 357.0, 87.0, 311.0, 41.0
10, 00, 222, 2016, -46.058277797, 0.00569227871135, 0.58874330022, 0.0, 1.76938667199, 0.769386671626, 357.0, 87.0, 311.0, 41.0
10, 00, 223, 2016, -46.4184790325, 0.00727255236401, 0.580963212593, 145.311494175, 0.238132936057, 0.761867064111, 357.0, 87.0, 311.0, 41.0
10, 00, 224, 2016, -45.933549918, 0.00597232758084, 0.620208949321, 78.3099057898, 0.257242390812, 0.742757609804, 357.0, 87.0, 311.0, 41.0
10, 00, 225, 2016, -46.1878725134, 0.00239636495536, 0.623855379537, 180.827633029, 0.255277666612, 0.744722332591, 357.0, 87.0, 311.0, 41.0
10, 00, 226, 2016, -45.979542787, 0.0052950551916, 0.625379199445, 175.983385272, 0.260246633744, 0.739753366331, 357.0, 87.0, 311.0, 41.0
10, 00, 227, 2016, -46.0578640234, 0.00232175178007, 0.623815032561, 57.2883247249, 0.256301041398, 0.743698958779, 357.0, 87.0, 311.0, 41.0
10, 00, 228, 2016, -46.2063539065, 0.00220733812358, 0.617471120748, 114.234707, 0.250897253055, 0.749102745586, 357.0, 87.0, 311.0, 41.0
10, 00, 229, 2016, -46.2850820398, 0.00251169302669, 0.661515842443, 167.665759139, 0.283676644224, 0.716323356693, 357.0, 87.0, 311.0, 41.0
10, 00, 230, 2016, -45.8752777546, 0.00215911064907, 0.636735584502, 155.151630249, 0.260530666865, 0.739469332721, 357.0, 87.0, 311.0, 41.0
10, 00, 231, 2016, -45.9536911923, 0.00224387035355, 0.626051811497, 163.924710582, 0.24968964184, 0.750310358258, 357.0, 87.0, 311.0, 41.0
10, 00, 232, 2016, -45.8826097132, 0.00332730343899, 0.639556093453, 181.396465482, 0.26202486817, 0.737975132012, 357.0, 87.0, 311.0, 41.0
10, 00, 233, 2016, -45.9667654606, 0.00207725772228, 0.619603072605, 163.758773424, 0.251614254625, 0.748385745884, 357.0, 87.0, 311.0, 41.0
10, 00, 234, 2016, -45.9002929423, 0.00209808796922, 0.577489846964, 184.733174624, 0.221048871775, 0.778951128784, 357.0, 87.0, 311.0, 41.0
10, 00, 235, 2016, -45.9171869859, 0.00257691084864, 0.6918380224, 159.895594927, 0.309783960443, 0.690216041651, 357.0, 87.0, 311.0, 41.0
10, 00, 236, 2016, -46.2955574662, 0.00340400199751, 0.712922959198, 194.801594385, 0.34417588046, 0.655824118568, 357.0, 87.0, 311.0, 41.0
10, 00, 237, 2016, -46.2712429553, 0.00200389865329, 0.699800784153, 178.626992226, 0.324338115874, 0.675661882986, 357.0, 87.0, 311.0, 41.0
10, 00, 238, 2016, -46.9256828741, 0.00185669787948, 0.592082462829, 158.122715138, 0.236260470075, 0.763739530007, 357.0, 87.0, 311.0, 41.0
10, 00, 239, 2016, -46.1139896199, 0.00315773587111, 0.592331351998, 213.299666132, 0.232796978875, 0.767203022166, 357.0, 87.0, 311.0, 41.0
10, 00, 244, 2016, -46.6231254248, 0.00307975678662, 0.627778297364, 185.714289379, 0.253191454075, 0.746808547968, 357.0, 87.0, 311.0, 41.0
10, 00, 245, 2016, -46.8962525975, 0.00280988785568, 0.660354396426, 224.905025564, 0.274745491301, 0.725254508074, 357.0, 87.0, 311.0, 41.0
10, 00, 246, 2016, -46.2228343969, 0.00210180563487, 0.582275953262, 155.404354885, 0.207671368386, 0.792328633149, 357.0, 87.0, 311.0, 41.0
10, 00, 249, 2016, -46.3370547417, 0.00180246098282, 0.585197253326, 178.686746989, 0.227860663314, 0.772139336794, 357.0, 87.0, 311.0, 41.0
10, 00, 250, 2016, -46.3344319263, 0.00188570291012, 0.57806865318, 195.22626801, 0.218022530973, 0.781977469482, 357.0, 87.0, 311.0, 41.0
10, 00, 251, 2016, -46.1101529561, 0.00203093074698, 0.516348657014, 206.190748427, 0.186306307689, 0.813693692569, 357.0, 87.0, 311.0, 41.0
10, 00, 252, 2016, -46.1695582312, 0.00273773226454, 0.500308799561, 186.909698375, 0.181845231204, 0.818154768839, 357.0, 87.0, 311.0, 41.0
10, 00, 253, 2016, -46.3138107549, 0.00263601666182, 0.52302038324, 143.52255906, 0.192899369435, 0.80710063074, 357.0, 87.0, 311.0, 41.0
10, 00, 254, 2016, -46.3260693104, 0.00234505917035, 0.596281030536, 144.626128344, 0.240522235367, 0.759477765929, 357.0, 87.0, 311.0, 41.0
10, 00, 255, 2016, -46.1255635, 0.00231110351029, 0.541560099609, 182.876367653, 0.201506496784, 0.798493503352, 357.0, 87.0, 311.0, 41.0
10, 00, 256, 2016, -46.0427064012, 0.00202046573939, 0.587292837888, 0.0, 1.772114356, 0.772114355506, 357.0, 87.0, 311.0, 41.0
10, 00, 257, 2016, -46.446484214, 0.00239352980292, 0.64698651476, 138.965933666, 0.276913448664, 0.723086550288, 357.0, 87.0, 311.0, 41.0
10, 00, 258, 2016, -46.6334190946, 0.00248503040714, 0.638244149563, 150.76019532, 0.24877702004, 0.751222980602, 357.0, 87.0, 311.0, 41.0
10, 00, 259, 2016, -46.2983493028, 0.00286922222554, 0.681631274362, 194.862500612, 0.299943482135, 0.700056515696, 357.0, 87.0, 311.0, 41.0
10, 00, 260, 2016, -46.6908092179, 0.00247387986863, 0.595561041703, 174.150404438, 0.235527313523, 0.764472687769, 357.0, 87.0, 311.0, 41.0
10, 00, 263, 2016, -46.4146739979, 0.00184738501296, 0.623992989171, 0.0, 1.74828266616, 0.748282665635, 357.0, 87.0, 311.0, 41.0
10, 00, 264, 2016, -46.3974103755, 0.00199761137136, 0.580197226922, 157.866483942, 0.225180975589, 0.774819024046, 357.0, 87.0, 311.0, 41.0
10, 00, 265, 2016, -46.1012848783, 0.0220821078245, 0.57575191463, 184.690270573, 0.240242549016, 0.759757449657, 357.0, 87.0, 311.0, 41.0
10, 00, 266, 2016, -46.1025812097, 0.00178776056705, 0.559415021152, 184.749022283, 0.207646309168, 0.792353692398, 357.0, 87.0, 311.0, 41.0
10, 00, 267, 2016, -45.9890794672, 0.0011023461499, 0.692552524499, 95.9982547611, 0.308870077085, 0.691129921117, 357.0, 87.0, 311.0, 41.0
10, 00, 268, 2016, -45.7308517583, 0.00161133145714, 0.593826810288, 198.456226937, 0.228896329277, 0.771103671386, 357.0, 87.0, 311.0, 41.0
10, 00, 273, 2016, -46.1085893885, 0.00243937943924, 0.590985613126, 175.600588996, 0.225356293852, 0.77464370598, 357.0, 87.0, 311.0, 41.0
10, 00, 274, 2016, -45.9621752502, 0.00185562881832, 0.532637576486, 151.256704859, 0.194897585221, 0.805102414083, 357.0, 87.0, 311.0, 41.0
10, 00, 275, 2016, -45.8757375844, 0.00162621559308, 0.627467064955, 0.0, 1.7426513111, 0.742651308059, 357.0, 87.0, 311.0, 41.0
10, 00, 276, 2016, -46.159880605, 0.00175305817532, 0.601001914145, 124.882234845, 0.238163749976, 0.76183625109, 357.0, 87.0, 311.0, 41.0
10, 00, 277, 2016, -46.1550702213, 0.00170023829207, 0.572282293116, 152.831433423, 0.217288909308, 0.782711089636, 357.0, 87.0, 311.0, 41.0
10, 00, 278, 2016, -45.663199797, 0.00119137428676, 0.564229131391, 141.950090781, 0.213268903651, 0.786731095337, 357.0, 87.0, 311.0, 41.0
10, 00, 279, 2016, -45.6082643562, 0.0018697209761, 0.539002930845, 141.387266295, 0.191612545474, 0.808387456876, 357.0, 87.0, 311.0, 41.0
10, 00, 280, 2016, -45.4620903319, 0.00224405153722, 0.534426398271, 162.76500003, 0.188834025566, 0.811165972669, 357.0, 87.0, 311.0, 41.0
10, 00, 285, 2016, -46.0949179863, 0.00151196737833, 0.535859744888, 0.0, 1.8016654276, 0.801665426171, 357.0, 87.0, 311.0, 41.0
10, 00, 286, 2016, -45.9508027447, 0.00206093292558, 0.535744326902, 196.25456494, 0.194873297225, 0.805126703237, 357.0, 87.0, 311.0, 41.0
10, 00, 287, 2016, -46.0866708892, 0.00188115562959, 0.508697301493, 182.696364321, 0.186145183773, 0.813854817432, 357.0, 87.0, 311.0, 41.0
10, 00, 288, 2016, -45.8119133495, 0.00316584488834, 0.513573148768, 166.689975835, 0.187918163369, 0.812081838719, 357.0, 87.0, 311.0, 41.0
10, 00, 289, 2016, -45.7594516204, 0.00155370493532, 0.560946102245, 140.143616937, 0.211528663151, 0.788471338301, 357.0, 87.0, 311.0, 41.0
10, 00, 292, 2016, -45.8730554789, 0.0025236030464, 0.570857573608, 183.977238143, 0.216670990461, 0.783329009169, 357.0, 87.0, 311.0, 41.0
10, 00, 293, 2016, -46.0429344829, 0.00133700398701, 0.666495942024, 191.138950996, 0.281593850917, 0.718406149485, 357.0, 87.0, 311.0, 41.0
10, 00, 294, 2016, -45.8848943102, 0.00160728580391, 0.594923034105, 141.012611371, 0.230070539641, 0.769929461312, 357.0, 87.0, 311.0, 41.0
10, 00, 295, 2016, -45.7867982708, 0.00195280835487, 0.524393699385, 55.6229905132, 0.193902449908, 0.806097549395, 357.0, 87.0, 311.0, 41.0
10, 00, 296, 2016, -46.0648368466, 0.00464071029045, 0.50533298504, 0.0, 1.80876339013, 0.808763389929, 357.0, 87.0, 311.0, 41.0
10, 00, 297, 2016, -46.308218328, 0.00199889909378, 0.511163952074, 193.288718104, 0.184978177857, 0.815021822576, 357.0, 87.0, 311.0, 41.0
10, 00, 298, 2016, -46.1092150899, 0.00231941454299, 0.625605351847, 153.775534537, 0.248106797741, 0.751893201996, 357.0, 87.0, 311.0, 41.0
10, 00, 299, 2016, -46.2126611933, 0.00133033694219, 0.65448356551, 188.413721796, 0.272539878713, 0.727460120285, 357.0, 87.0, 311.0, 41.0
10, 00, 300, 2016, -46.1559360034, 0.00150158424402, 0.648056071534, 125.761470284, 0.269796800727, 0.730203200688, 357.0, 87.0, 311.0, 41.0
10, 00, 301, 2016, -45.6485652007, 0.00234001122061, 0.628199369839, 150.115717833, 0.252007988866, 0.747992012265, 357.0, 87.0, 311.0, 41.0
10, 00, 302, 2016, -45.7398876731, 0.00206415021898, 0.676445045016, 179.1688206, 0.295530678386, 0.704469318712, 357.0, 87.0, 311.0, 41.0
10, 00, 303, 2016, -46.0211630475, 0.00244006045247, 0.58705296456, 127.31688587, 0.224895102254, 0.775104896639, 357.0, 87.0, 311.0, 41.0
10, 00, 304, 2016, -46.2698705125, 0.00208320252073, 0.634427324393, 186.0384904, 0.263862341073, 0.736137658368, 357.0, 87.0, 311.0, 41.0
10, 00, 305, 2016, -46.0906868266, 0.00230946765516, 0.573428781332, 81.5256172325, 0.21814518862, 0.781854813039, 357.0, 87.0, 311.0, 41.0
10, 00, 306, 2016, -46.3575872785, 0.00137319273391, 0.650931555896, 108.340149682, 0.263106645376, 0.736893353226, 357.0, 87.0, 311.0, 41.0
10, 00, 307, 2016, -46.4253538526, 0.00194631008436, 0.570606771872, 0.0, 1.78432276353, 0.784322763355, 357.0, 87.0, 311.0, 41.0
10, 00, 310, 2016, -46.1264704659, 0.00196308243082, 0.651716034123, 70.1975172553, 0.225192755095, 0.774807244658, 357.0, 87.0, 311.0, 41.0
10, 00, 313, 2016, -45.7783708362, 0.00233091466864, 0.65740932581, 145.188698356, 0.274835613828, 0.725164385494, 357.0, 87.0, 311.0, 41.0
10, 00, 314, 2016, -46.0153200455, 0.0018331921741, 0.604561803728, 70.1721500456, 0.234589309918, 0.765410689902, 357.0, 87.0, 311.0, 41.0
10, 00, 315, 2016, -45.7599042289, 0.000972199531479, 0.616854279555, 131.241647005, 0.230221832553, 0.769778167133, 357.0, 87.0, 311.0, 41.0
10, 00, 316, 2016, -45.9833363861, 0.00118972779421, 0.605656701069, 52.0608040839, 0.241106858734, 0.758893141575, 357.0, 87.0, 311.0, 41.0
10, 00, 319, 2016, -46.1130209349, 0.00205140322696, 0.579214883414, 128.837818477, 0.216304127437, 0.783695872614, 357.0, 87.0, 311.0, 41.0
10, 00, 320, 2016, -46.303906831, 0.00138412328171, 0.661098875372, 120.698807478, 0.279752814631, 0.720247184002, 357.0, 87.0, 311.0, 41.0
10, 00, 322, 2016, -45.881365108, 0.00147433033171, 0.669036511366, 62.5703211939, 0.280023915695, 0.719976084094, 357.0, 87.0, 311.0, 41.0
10, 00, 323, 2016, -46.0040261635, 0.00181421587954, 0.566404340938, 106.633933891, 0.215206460234, 0.784793539543, 357.0, 87.0, 311.0, 41.0
10, 00, 326, 2016, -46.1543413735, 0.00187345707603, 0.598361570667, 175.977691213, 0.222909879503, 0.777090119883, 357.0, 87.0, 311.0, 41.0
10, 00, 327, 2016, -45.7030885177, 0.00213579435065, 0.579223432862, 133.572062817, 0.216322469304, 0.783677530638, 357.0, 87.0, 311.0, 41.0
10, 00, 328, 2016, -46.1275614682, 0.00165970070777, 0.696347375876, 185.195375614, 0.31172629609, 0.688273703011, 357.0, 87.0, 311.0, 41.0
10, 00, 329, 2016, -46.1926676453, 0.000991783362385, 0.754521140189, 178.615626819, 0.388107591861, 0.61189240799, 357.0, 87.0, 311.0, 41.0
10, 00, 330, 2016, -46.1245913876, 0.00119417125537, 0.651453669987, 146.567912657, 0.270835947103, 0.729164054296, 357.0, 87.0, 311.0, 41.0
10, 00, 331, 2016, -45.8176643395, 0.00184766139985, 0.564232871877, 183.146122988, 0.213111979235, 0.786888018705, 357.0, 87.0, 311.0, 41.0
10, 00, 332, 2016, -46.3277515893, 0.00650403408501, 0.588954662685, 180.40380762, 0.238239673435, 0.761760325721, 357.0, 87.0, 311.0, 41.0
10, 00, 333, 2016, -46.0841455723, 0.00189792153202, 0.559566868054, 173.145177264, 0.208919936634, 0.791080062884, 357.0, 87.0, 311.0, 41.0
10, 00, 334, 2016, -46.1413505648, 0.00134469540718, 0.635446308514, 125.688685939, 0.264683487705, 0.735316511913, 357.0, 87.0, 311.0, 41.0
10, 00, 335, 2016, -46.0581126634, 0.00226635820846, 0.577473733072, 200.715529882, 0.219551741562, 0.780448258941, 357.0, 87.0, 311.0, 41.0
10, 00, 336, 2016, -46.3528161648, 0.00244150481266, 0.629084219171, 93.9800009653, 0.255859763924, 0.744140235562, 357.0, 87.0, 311.0, 41.0
10, 00, 337, 2016, -46.3637706476, 0.00326101775498, 0.534055269892, 95.3804316856, 0.202342162642, 0.797657837752, 357.0, 87.0, 311.0, 41.0
10, 00, 338, 2016, -45.5773312979, 0.000527329660874, 0.62452295061, 108.251578551, 0.251656785705, 0.74834321431, 357.0, 87.0, 311.0, 41.0
10, 00, 339, 2016, -45.8262952496, 0.00115483820526, 0.65013547463, 170.401215773, 0.271839714344, 0.728160285097, 357.0, 87.0, 311.0, 41.0
10, 00, 342, 2016, -46.3382899515, 0.00195937021337, 0.549474711618, 121.145701626, 0.186518831465, 0.813481169538, 357.0, 87.0, 311.0, 41.0
10, 00, 343, 2016, -46.2825502673, 0.00183866817998, 0.627050206127, 204.656105895, 0.256641594481, 0.743358405615, 357.0, 87.0, 311.0, 41.0
10, 00, 344, 2016, -46.0695534116, 0.00167836951442, 0.596444982005, 125.378126035, 0.232716231797, 0.767283767224, 357.0, 87.0, 311.0, 41.0
10, 00, 345, 2016, -46.2648449954, 0.00758798071466, 0.651664895436, 120.475298813, 0.271026441352, 0.728973559351, 357.0, 87.0, 311.0, 41.0
10, 00, 346, 2016, -46.2399304894, 0.00143165654598, 0.701616248375, 149.079511017, 0.317004116763, 0.682995882767, 357.0, 87.0, 311.0, 41.0
10, 00, 347, 2016, -46.493515441, 0.00105317883489, 0.717457771845, 188.390675514, 0.343974694565, 0.656025305944, 357.0, 87.0, 311.0, 41.0
10, 00, 348, 2016, -46.4319295727, 0.00264172063018, 0.569361951498, 163.356921703, 0.221139507665, 0.778860493424, 357.0, 87.0, 311.0, 41.0
10, 00, 349, 2016, -46.31908878, 0.00264894776386, 0.511916495694, 152.245890696, 0.190782763435, 0.80921723772, 357.0, 87.0, 311.0, 41.0
10, 00, 350, 2016, -46.0273707848, 0.00164273079656, 0.591652959133, 0.0, 1.76879320245, 0.768793202776, 357.0, 87.0, 311.0, 41.0
10, 00, 353, 2016, -46.3742803556, 0.00183381927391, 0.611230531078, 184.77787938, 0.229907302432, 0.770092697533, 357.0, 87.0, 311.0, 41.0
10, 00, 354, 2016, -46.1867036235, 0.0022282559762, 0.594691656211, 110.45867246, 0.2267528499, 0.773247151441, 357.0, 87.0, 311.0, 41.0
10, 00, 355, 2016, -46.2039295991, 0.00218170206427, 0.655659590897, 195.779347066, 0.230705764375, 0.769294235685, 357.0, 87.0, 311.0, 41.0
10, 00, 358, 2016, -45.9224940263, 0.00195279762899, 0.531412368075, 90.4050672688, 0.193992148852, 0.806007850625, 357.0, 87.0, 311.0, 41.0
10, 00, 361, 2016, -46.0880020056, 0.00157909879016, 0.52344104471, 192.623276949, 0.194285977995, 0.805714022367, 357.0, 87.0, 311.0, 41.0
10, 00, 362, 2016, -46.2348997474, 0.0015205431307, 0.559681931165, 224.431157723, 0.213182554383, 0.786817444877, 357.0, 87.0, 311.0, 41.0
NS Ave: -45.3133412533, std 15.3802442443, EW Ave: 142.75330518, std: 55.0516007328
