ReferenceLoc, TestLoc, day, year, theta, residual
10, 00, 001, 2016, -143.294860495, 0.00128467509552
10, 00, 002, 2016, -143.124188358, 0.0012663515685
10, 00, 003, 2016, -143.466470062, 0.00105741820073
10, 00, 004, 2016, -143.239871433, 0.000994684544614
10, 00, 005, 2016, -142.88467506, 0.00108894479796
10, 00, 006, 2016, -142.964104291, 0.00131628058131
10, 00, 007, 2016, -142.920053788, 0.00120005759494
10, 00, 008, 2016, -142.874580261, 0.00120176373067
10, 00, 009, 2016, -143.182091619, 0.00116780715603
10, 00, 010, 2016, -143.185492811, 0.0011249050896
10, 00, 011, 2016, -142.845251156, 0.0017035387832
10, 00, 012, 2016, -143.079865435, 0.00174992331775
10, 00, 013, 2016, -142.922727766, 0.00149659560981
10, 00, 014, 2016, -143.171009006, 0.00156286340947
10, 00, 015, 2016, -142.976446968, 0.00153321432865
10, 00, 016, 2016, -143.137863482, 0.00147349992501
10, 00, 017, 2016, -142.824685366, 0.00169439365935
10, 00, 018, 2016, -142.972300227, 0.00146764246786
10, 00, 019, 2016, -143.20574089, 0.00147378375783
10, 00, 020, 2016, -143.205385462, 0.00121878184414
10, 00, 021, 2016, -143.167627566, 0.00150595809654
10, 00, 022, 2016, -143.260012353, 0.00151706007564
10, 00, 023, 2016, -143.323837824, 0.00141746045762
10, 00, 024, 2016, -142.539446232, 0.00155748381511
10, 00, 025, 2016, -143.193897259, 0.00143037571645
10, 00, 026, 2016, -143.083501529, 0.00154877584696
10, 00, 027, 2016, -142.881494778, 0.0014899216291
10, 00, 028, 2016, -142.965955006, 0.00128071211645
10, 00, 029, 2016, -142.947911481, 0.0012488352814
10, 00, 030, 2016, -143.112394829, 0.00172328430956
