ReferenceLoc, TestLoc, day, year, theta, residual
10, 00, 001, 2016, 9.34879562173, 0.964535606378
10, 00, 001, 2016, 9.34879562173, 0.964535606378
10, 00, 001, 2016, 9.34879562173, 0.964535606378
10, 00, 002, 2016, -389.034505045, 0.970919449025
10, 00, 002, 2016, -389.034505045, 0.970919449025
10, 00, 002, 2016, -389.034505045, 0.970919449025
10, 00, 003, 2016, 853.140129773, 0.948471842398
10, 00, 003, 2016, 853.140129773, 0.948471842398
10, 00, 003, 2016, 853.140129773, 0.948471842398
10, 00, 004, 2016, -1130.38685178, 0.99073925434
10, 00, 004, 2016, -1130.38685178, 0.99073925434
10, 00, 004, 2016, -1130.38685178, 0.99073925434
